0 0.010000 0 0 2370.9
1 0.010000 0 0 3581.92
2 0.010000 0 0 5593.5
3 0.010000 0 0 7646.16
4 0.010000 0 0 10326.3
5 0.010000 0 0 9639.89
6 0.010000 0 0 13273.8
7 0.010000 0 0 19540.3
8 0.010000 0 0 29446.4
9 0.010000 0 0 56415.4
10 0.010000 0 0 92385.8
11 0.010000 0 0 161045
12 0.010000 0 0 293256
13 0.010000 0 0 690822
0 0.060000 0 0 69.9889
1 0.060000 0 0 105.859
2 0.060000 0 0 165.492
3 0.060000 0 0 227.22
4 0.060000 0 0 308.095
5 0.060000 0 0 289.665
6 0.060000 0 0 401.26
7 0.060000 0 0 593.575
8 0.060000 0 0 897.317
9 0.060000 0 0 1718.65
10 0.060000 0 0 2820.46
11 0.060000 0 0 4921.89
12 0.060000 0 0 8951.53
13 0.060000 0 0 20982.4
0 0.110000 0 0 21.9582
1 0.110000 0 0 33.2527
2 0.110000 0 0 52.0434
3 0.110000 0 0 71.7779
4 0.110000 0 0 97.73
5 0.110000 0 0 92.6095
6 0.110000 0 0 129.198
7 0.110000 0 0 192.196
8 0.110000 0 0 291.478
9 0.110000 0 0 558.142
10 0.110000 0 0 917.931
11 0.110000 0 0 1603.7
12 0.110000 0 0 2913.35
13 0.110000 0 0 6796.66
0 0.160000 0 0 10.8667
1 0.160000 0 0 16.4776
2 0.160000 0 0 25.8189
3 0.160000 0 0 35.7733
4 0.160000 0 0 48.917
5 0.160000 0 0 46.7531
6 0.160000 0 0 65.7494
7 0.160000 0 0 98.4256
8 0.160000 0 0 149.756
9 0.160000 0 0 286.707
10 0.160000 0 0 472.548
11 0.160000 0 0 826.587
12 0.160000 0 0 1500.02
13 0.160000 0 0 3483.74
0 0.210000 0 0 6.56133
1 0.210000 0 0 9.96306
2 0.210000 0 0 15.6299
3 0.210000 0 0 21.7576
4 0.210000 0 0 29.8842
5 0.210000 0 0 28.8263
6 0.210000 0 0 40.899
7 0.210000 0 0 61.6471
8 0.210000 0 0 94.1067
9 0.210000 0 0 180.14
10 0.210000 0 0 297.554
11 0.210000 0 0 521.153
12 0.210000 0 0 944.818
13 0.210000 0 0 2184.9
0 0.260000 0 0 4.42536
1 0.260000 0 0 6.72962
2 0.260000 0 0 10.5704
3 0.260000 0 0 14.7848
4 0.260000 0 0 20.4006
5 0.260000 0 0 19.8721
6 0.260000 0 0 28.4663
7 0.260000 0 0 43.2255
8 0.260000 0 0 66.2063
9 0.260000 0 0 126.718
10 0.260000 0 0 209.774
11 0.260000 0 0 367.903
12 0.260000 0 0 666.375
13 0.260000 0 0 1534.7
0 0.310000 0 0 3.20044
1 0.310000 0 0 4.87454
2 0.310000 0 0 7.66642
3 0.310000 0 0 10.7751
4 0.310000 0 0 14.9389
5 0.310000 0 0 14.7031
6 0.310000 0 0 21.2788
7 0.310000 0 0 32.5665
8 0.310000 0 0 50.0498
9 0.310000 0 0 95.7876
10 0.310000 0 0 158.922
11 0.310000 0 0 279.109
12 0.310000 0 0 505.115
13 0.310000 0 0 1158.76
0 0.360000 0 0 2.42716
1 0.360000 0 0 3.70294
2 0.360000 0 0 5.83157
3 0.360000 0 0 8.23677
4 0.360000 0 0 11.4759
5 0.360000 0 0 11.4178
6 0.360000 0 0 16.7041
7 0.360000 0 0 25.7774
8 0.360000 0 0 39.7519
9 0.360000 0 0 76.0758
10 0.360000 0 0 126.501
11 0.360000 0 0 222.491
12 0.360000 0 0 402.333
13 0.360000 0 0 919.509
0 0.410000 0 0 1.90455
1 0.410000 0 0 2.91078
2 0.410000 0 0 4.59042
3 0.410000 0 0 6.51624
4 0.410000 0 0 9.12506
5 0.410000 0 0 9.18189
6 0.410000 0 0 13.5859
7 0.410000 0 0 21.147
8 0.410000 0 0 32.7245
9 0.410000 0 0 62.6264
10 0.410000 0 0 104.371
11 0.410000 0 0 183.845
12 0.410000 0 0 332.206
13 0.410000 0 0 756.508
0 0.460000 0 0 1.53294
1 0.460000 0 0 2.34724
2 0.460000 0 0 3.70709
3 0.460000 0 0 5.2891
4 0.460000 0 0 7.4456
5 0.460000 0 0 7.58017
6 0.460000 0 0 11.3486
7 0.460000 0 0 17.8228
8 0.460000 0 0 27.6773
9 0.460000 0 0 52.9684
10 0.460000 0 0 88.476
11 0.460000 0 0 156.087
12 0.460000 0 0 281.856
13 0.460000 0 0 639.634
0 0.510000 0 0 1.25816
1 0.510000 0 0 1.93032
2 0.510000 0 0 3.05323
3 0.510000 0 0 4.37869
4 0.510000 0 0 6.19742
5 0.510000 0 0 6.38608
6 0.510000 0 0 9.67734
7 0.510000 0 0 15.3384
8 0.510000 0 0 23.9036
9 0.510000 0 0 45.7484
10 0.510000 0 0 76.5906
11 0.510000 0 0 135.334
12 0.510000 0 0 244.226
13 0.510000 0 0 552.401
0 0.560000 0 0 1.04858
1 0.560000 0 0 1.61214
2 0.560000 0 0 2.55401
3 0.560000 0 0 3.68184
4 0.560000 0 0 5.24025
5 0.560000 0 0 5.46719
6 0.560000 0 0 8.38829
7 0.560000 0 0 13.4206
8 0.560000 0 0 20.9897
9 0.560000 0 0 40.1744
10 0.560000 0 0 67.4132
11 0.560000 0 0 119.312
12 0.560000 0 0 215.187
13 0.560000 0 0 485.168
0 0.610000 0 0 0.884698
1 0.610000 0 0 1.36319
2 0.610000 0 0 2.16321
3 0.610000 0 0 3.1349
4 0.610000 0 0 4.48744
5 0.610000 0 0 4.74172
6 0.610000 0 0 7.36781
7 0.610000 0 0 11.9012
8 0.610000 0 0 18.6804
9 0.610000 0 0 35.7578
10 0.610000 0 0 60.1406
11 0.610000 0 0 106.619
12 0.610000 0 0 192.188
13 0.610000 0 0 431.986
0 0.660000 0 0 0.753911
1 0.660000 0 0 1.16438
2 0.660000 0 0 1.85093
3 0.660000 0 0 2.69667
4 0.660000 0 0 3.88297
5 0.660000 0 0 4.15671
6 0.660000 0 0 6.54237
7 0.660000 0 0 10.6709
8 0.660000 0 0 16.8103
9 0.660000 0 0 32.182
10 0.660000 0 0 54.2521
11 0.660000 0 0 96.3438
12 0.660000 0 0 173.58
13 0.660000 0 0 389.006
0 0.710000 0 0 0.647751
1 0.710000 0 0 1.00288
2 0.710000 0 0 1.59712
3 0.710000 0 0 2.33943
4 0.710000 0 0 3.38909
5 0.710000 0 0 3.67646
6 0.710000 0 0 5.8623
7 0.710000 0 0 9.65605
8 0.710000 0 0 15.2673
9 0.710000 0 0 29.2323
10 0.710000 0 0 49.3947
11 0.710000 0 0 87.8711
12 0.710000 0 0 158.241
13 0.710000 0 0 353.618
0 0.760000 0 0 0.560347
1 0.760000 0 0 0.869794
2 0.760000 0 0 1.38784
3 0.760000 0 0 2.04395
4 0.760000 0 0 2.97955
5 0.760000 0 0 3.27613
6 0.760000 0 0 5.29301
7 0.760000 0 0 8.8051
8 0.760000 0 0 13.9734
9 0.760000 0 0 26.7592
10 0.760000 0 0 45.3221
11 0.760000 0 0 80.7699
12 0.760000 0 0 145.391
13 0.760000 0 0 324.006
0 0.810000 0 0 0.487518
1 0.810000 0 0 0.758798
2 0.810000 0 0 1.21318
3 0.810000 0 0 1.79653
4 0.810000 0 0 2.63569
5 0.810000 0 0 2.93803
6 0.810000 0 0 4.80991
7 0.810000 0 0 8.0815
8 0.810000 0 0 12.8729
9 0.810000 0 0 24.6563
10 0.810000 0 0 41.8592
11 0.810000 0 0 74.7342
12 0.810000 0 0 134.473
13 0.810000 0 0 298.877
0 0.860000 0 0 0.426223
1 0.860000 0 0 0.665282
2 0.860000 0 0 1.06592
3 0.860000 0 0 1.5872
4 0.860000 0 0 2.34391
5 0.860000 0 0 2.64934
6 0.860000 0 0 4.3951
7 0.860000 0 0 7.45864
8 0.860000 0 0 11.9255
9 0.860000 0 0 22.8461
10 0.860000 0 0 38.8783
11 0.860000 0 0 69.5406
12 0.860000 0 0 125.083
13 0.860000 0 0 277.289
0 0.910000 0 0 0.374198
1 0.910000 0 0 0.585813
2 0.910000 0 0 0.940685
3 0.910000 0 0 1.40853
4 0.910000 0 0 2.09407
5 0.910000 0 0 2.40043
6 0.910000 0 0 4.03524
7 0.910000 0 0 6.91659
8 0.910000 0 0 11.1006
9 0.910000 0 0 21.2707
10 0.910000 0 0 36.2837
11 0.910000 0 0 65.0217
12 0.910000 0 0 116.916
13 0.910000 0 0 258.537
0 0.960000 0 0 0.329712
1 0.960000 0 0 0.517772
2 0.960000 0 0 0.833371
3 0.960000 0 0 1.25484
4 0.960000 0 0 1.87843
5 0.960000 0 0 2.18398
6 0.960000 0 0 3.72015
7 0.960000 0 0 6.44026
8 0.960000 0 0 10.3755
9 0.960000 0 0 19.8859
10 0.960000 0 0 34.0028
11 0.960000 0 0 61.0506
12 0.960000 0 0 109.742
13 0.960000 0 0 242.088
0 1.010000 0 0 0.291427
1 1.010000 0 0 0.459131
2 1.010000 0 0 0.740801
3 1.010000 0 0 1.12173
4 1.010000 0 0 1.691
5 1.010000 0 0 1.99435
6 1.010000 0 0 3.44206
7 1.010000 0 0 6.01811
8 1.010000 0 0 9.73254
9 1.010000 0 0 18.6583
10 1.010000 0 0 31.9806
11 1.010000 0 0 57.5311
12 1.010000 0 0 103.387
13 1.010000 0 0 227.536
0 1.060000 0 0 0.258294
1 1.060000 0 0 0.4083
2 1.060000 0 0 0.660485
3 1.060000 0 0 1.00578
4 1.060000 0 0 1.52709
5 1.060000 0 0 1.82713
6 1.060000 0 0 3.19488
7 1.060000 0 0 5.64119
8 1.060000 0 0 9.15817
9 1.060000 0 0 17.5619
10 1.060000 0 0 30.1742
11 1.060000 0 0 54.3883
12 1.060000 0 0 97.715
13 1.060000 0 0 214.564
0 1.110000 0 0 0.22948
1 1.110000 0 0 0.364022
2 1.110000 0 0 0.590452
3 1.110000 0 0 0.904237
4 1.110000 0 0 1.38298
5 1.110000 0 0 1.67882
6 1.110000 0 0 2.97379
7 1.110000 0 0 5.30233
8 1.110000 0 0 8.64147
9 1.110000 0 0 16.5758
10 1.110000 0 0 28.5492
11 1.110000 0 0 51.5618
12 1.110000 0 0 92.6163
13 1.110000 0 0 202.92
0 1.160000 0 0 0.204324
1 1.160000 0 0 0.325292
2 1.160000 0 0 0.529129
3 1.160000 0 0 0.814935
4 1.160000 0 0 1.2557
5 1.160000 0 0 1.54658
6 1.160000 0 0 2.77486
7 1.160000 0 0 4.99571
8 1.160000 0 0 8.17355
9 1.160000 0 0 15.6829
10 1.160000 0 0 27.0773
11 1.160000 0 0 49.0022
12 1.160000 0 0 88.0011
13 1.160000 0 0 192.395
0 1.210000 0 0 0.182287
1 1.210000 0 0 0.291293
2 1.210000 0 0 0.475234
3 1.210000 0 0 0.736093
4 1.210000 0 0 1.1428
5 1.210000 0 0 1.42814
6 1.210000 0 0 2.59495
7 1.210000 0 0 4.7166
8 1.210000 0 0 7.74714
9 1.210000 0 0 14.8693
10 1.210000 0 0 25.7355
11 1.210000 0 0 46.6689
12 1.210000 0 0 83.7962
13 1.210000 0 0 182.822
0 1.260000 0 0 0.162921
1 1.260000 0 0 0.26135
2 1.260000 0 0 0.427708
3 1.260000 0 0 0.666242
4 1.260000 0 0 1.0423
5 1.260000 0 0 1.32159
6 1.260000 0 0 2.43144
7 1.260000 0 0 4.46117
8 1.260000 0 0 7.35643
9 1.260000 0 0 14.124
10 1.260000 0 0 24.5055
11 1.260000 0 0 44.5299
12 1.260000 0 0 79.9432
13 1.260000 0 0 174.064
0 1.310000 0 0 0.145855
1 1.310000 0 0 0.234897
2 1.310000 0 0 0.385666
3 1.310000 0 0 0.604154
4 1.310000 0 0 0.952507
5 1.310000 0 0 1.22538
6 1.310000 0 0 2.28221
7 1.310000 0 0 4.22633
8 1.310000 0 0 6.99672
9 1.310000 0 0 13.4378
10 1.310000 0 0 23.3724
11 1.310000 0 0 42.5593
12 1.310000 0 0 76.3953
13 1.310000 0 0 166.013
0 1.360000 0 0 0.130776
1 1.360000 0 0 0.211464
2 1.360000 0 0 0.348369
3 1.360000 0 0 0.548802
4 1.360000 0 0 0.872033
5 1.360000 0 0 1.13819
6 1.360000 0 0 2.1455
7 1.360000 0 0 4.00951
8 1.360000 0 0 6.66413
9 1.360000 0 0 12.8035
10 1.360000 0 0 22.3241
11 1.360000 0 0 40.736
12 1.360000 0 0 73.1141
13 1.360000 0 0 158.58
0 1.410000 0 0 0.117423
1 1.410000 0 0 0.190656
2 1.410000 0 0 0.315199
3 1.410000 0 0 0.499326
4 1.410000 0 0 0.799704
5 1.410000 0 0 1.05893
6 1.410000 0 0 2.01981
7 1.410000 0 0 3.80858
8 1.410000 0 0 6.35543
9 1.410000 0 0 12.2148
10 1.410000 0 0 21.3504
11 1.410000 0 0 39.042
12 1.410000 0 0 70.0672
13 1.410000 0 0 151.69
0 1.460000 0 0 0.105578
1 1.460000 0 0 0.172141
2 1.460000 0 0 0.285637
3 1.460000 0 0 0.455005
4 1.460000 0 0 0.734534
5 1.460000 0 0 0.986677
6 1.460000 0 0 1.9039
7 1.460000 0 0 3.62171
8 1.460000 0 0 6.06781
9 1.460000 0 0 11.6663
10 1.460000 0 0 20.4424
11 1.460000 0 0 37.4618
12 1.460000 0 0 67.2264
13 1.460000 0 0 145.277
0 1.510000 0 0 0.0950525
1 1.510000 0 0 0.155637
2 1.510000 0 0 0.259239
3 1.510000 0 0 0.415222
4 1.510000 0 0 0.675684
5 1.510000 0 0 0.920637
6 1.510000 0 0 1.79671
7 1.510000 0 0 3.44734
8 1.510000 0 0 5.79894
9 1.510000 0 0 11.1536
10 1.510000 0 0 19.5928
11 1.510000 0 0 35.9825
12 1.510000 0 0 64.5681
13 1.510000 0 0 139.287
0 1.560000 0 0 0.085687
1 1.560000 0 0 0.140902
2 1.560000 0 0 0.235626
3 1.560000 0 0 0.379446
4 1.560000 0 0 0.622432
5 1.560000 0 0 0.860144
6 1.560000 0 0 1.69732
7 1.560000 0 0 3.28422
8 1.560000 0 0 5.54686
9 1.560000 0 0 10.6729
10 1.560000 0 0 18.7952
11 1.560000 0 0 34.593
12 1.560000 0 0 62.0723
13 1.560000 0 0 133.674
0 1.610000 0 0 0.0773412
1 1.610000 0 0 0.127723
2 1.610000 0 0 0.214466
3 1.610000 0 0 0.347214
4 1.610000 0 0 0.574146
5 1.610000 0 0 0.804598
6 1.610000 0 0 1.60496
7 1.610000 0 0 3.13123
8 1.610000 0 0 5.30988
9 1.610000 0 0 10.221
10 1.610000 0 0 18.0445
11 1.610000 0 0 33.2843
12 1.610000 0 0 59.7226
13 1.610000 0 0 128.399
0 1.660000 0 0 0.0698948
1 1.660000 0 0 0.115919
2 1.660000 0 0 0.195474
3 1.660000 0 0 0.318127
4 1.660000 0 0 0.530282
5 1.660000 0 0 0.753494
6 1.660000 0 0 1.51895
7 1.660000 0 0 2.9874
8 1.660000 0 0 5.08657
9 1.660000 0 0 9.79512
10 1.660000 0 0 17.3361
11 1.660000 0 0 32.0483
12 1.660000 0 0 57.5045
13 1.660000 0 0 123.429
0 1.710000 0 0 0.0632441
1 1.710000 0 0 0.105333
2 1.710000 0 0 0.178403
3 1.710000 0 0 0.29184
4 1.710000 0 0 0.490368
5 1.710000 0 0 0.706386
6 1.710000 0 0 1.43869
7 1.710000 0 0 2.8519
8 1.710000 0 0 4.8756
9 1.710000 0 0 9.39277
10 1.710000 0 0 16.6659
11 1.710000 0 0 30.878
12 1.710000 0 0 55.4051
13 1.710000 0 0 118.734
0 1.760000 0 0 0.0572993
1 1.760000 0 0 0.0958298
2 1.760000 0 0 0.163042
3 1.760000 0 0 0.268054
4 1.760000 0 0 0.453994
5 1.760000 0 0 0.662881
6 1.760000 0 0 1.36364
7 1.760000 0 0 2.72397
8 1.760000 0 0 4.67592
9 1.760000 0 0 9.0119
10 1.760000 0 0 16.0303
11 1.760000 0 0 29.7672
12 1.760000 0 0 53.4131
13 1.760000 0 0 114.288
0 1.810000 0 0 0.0519808
1 1.810000 0 0 0.0872886
2 1.810000 0 0 0.149201
3 1.810000 0 0 0.2465
4 1.810000 0 0 0.420793
5 1.810000 0 0 0.62264
6 1.810000 0 0 1.29336
7 1.810000 0 0 2.60296
8 1.810000 0 0 4.48649
9 1.810000 0 0 8.65055
10 1.810000 0 0 15.4264
11 1.810000 0 0 28.7104
12 1.810000 0 0 51.5186
13 1.810000 0 0 110.069
0 1.860000 0 0 0.0472176
1 1.860000 0 0 0.0796017
2 1.860000 0 0 0.136711
3 1.860000 0 0 0.22694
4 1.860000 0 0 0.390437
5 1.860000 0 0 0.58535
6 1.860000 0 0 1.22742
7 1.860000 0 0 2.48832
8 1.860000 0 0 4.30649
9 1.860000 0 0 8.30713
10 1.860000 0 0 14.8513
11 1.860000 0 0 27.7029
12 1.860000 0 0 49.7134
13 1.860000 0 0 106.055
0 1.910000 0 0 0.0429476
1 1.910000 0 0 0.0726751
2 1.910000 0 0 0.125425
3 1.910000 0 0 0.209165
4 1.910000 0 0 0.362641
5 1.910000 0 0 0.55074
6 1.910000 0 0 1.16547
7 1.910000 0 0 2.37955
8 1.910000 0 0 4.13518
9 1.910000 0 0 7.98023
10 1.910000 0 0 14.303
11 1.910000 0 0 26.7411
12 1.910000 0 0 47.9903
13 1.910000 0 0 102.232
0 1.960000 0 0 0.0391186
1 1.960000 0 0 0.0664315
2 1.960000 0 0 0.115221
3 1.960000 0 0 0.193002
4 1.960000 0 0 0.337169
5 1.960000 0 0 0.518581
6 1.960000 0 0 1.1072
7 1.960000 0 0 2.27623
8 1.960000 0 0 3.97195
9 1.960000 0 0 7.66869
10 1.960000 0 0 13.7795
11 1.960000 0 0 25.8213
12 1.960000 0 0 46.3431
13 1.960000 0 0 98.5854
0 2.010000 0 0 0.0356868
1 2.010000 0 0 0.0608078
2 2.010000 0 0 0.105998
3 2.010000 0 0 0.17831
4 2.010000 0 0 0.313824
5 2.010000 0 0 0.488681
6 2.010000 0 0 1.05235
7 2.010000 0 0 2.178
8 2.010000 0 0 3.81625
9 2.010000 0 0 7.37147
10 2.010000 0 0 13.279
11 2.010000 0 0 24.9409
12 2.010000 0 0 44.7671
13 2.010000 0 0 95.1022
0 2.060000 0 0 0.0326139
1 2.060000 0 0 0.0557488
2 2.060000 0 0 0.0976677
3 2.060000 0 0 0.164966
4 2.060000 0 0 0.292437
5 2.060000 0 0 0.460869
6 2.060000 0 0 1.00069
7 2.060000 0 0 2.08451
8 2.060000 0 0 3.66757
9 2.060000 0 0 7.08759
10 2.060000 0 0 12.8001
11 2.060000 0 0 24.0972
12 2.060000 0 0 43.257
13 2.060000 0 0 91.7712
0 2.110000 0 0 0.0298637
1 2.110000 0 0 0.0512007
2 2.110000 0 0 0.0901452
3 2.110000 0 0 0.152849
4 2.110000 0 0 0.27284
5 2.110000 0 0 0.434981
6 2.110000 0 0 0.951995
7 2.110000 0 0 1.99545
8 2.110000 0 0 3.52544
9 2.110000 0 0 6.81615
10 2.110000 0 0 12.3412
11 2.110000 0 0 23.2875
12 2.110000 0 0 41.808
13 2.110000 0 0 88.5811
0 2.160000 0 0 0.0274013
1 2.160000 0 0 0.0471102
2 2.160000 0 0 0.0833477
3 2.160000 0 0 0.141837
4 2.160000 0 0 0.25487
5 2.160000 0 0 0.410861
6 2.160000 0 0 0.906038
7 2.160000 0 0 1.91052
8 2.160000 0 0 3.38942
9 2.160000 0 0 6.55629
10 2.160000 0 0 11.9009
11 2.160000 0 0 22.5093
12 2.160000 0 0 40.4159
13 2.160000 0 0 85.522
0 2.210000 0 0 0.0251943
1 2.210000 0 0 0.0434275
2 2.210000 0 0 0.0771978
3 2.210000 0 0 0.13182
4 2.210000 0 0 0.238372
5 2.210000 0 0 0.388365
6 2.210000 0 0 0.862631
7 2.210000 0 0 1.82944
8 2.210000 0 0 3.25909
9 2.210000 0 0 6.30725
10 2.210000 0 0 11.4781
11 2.210000 0 0 21.7605
12 2.210000 0 0 39.0767
13 2.210000 0 0 82.5847
0 2.260000 0 0 0.0232144
1 2.260000 0 0 0.0401088
2 2.260000 0 0 0.0716279
3 2.260000 0 0 0.122698
4 2.260000 0 0 0.223211
5 2.260000 0 0 0.367364
6 2.260000 0 0 0.82159
7 2.260000 0 0 1.75196
8 2.260000 0 0 3.1341
9 2.260000 0 0 6.06832
10 2.260000 0 0 11.0715
11 2.260000 0 0 21.0394
12 2.260000 0 0 37.787
13 2.260000 0 0 79.7615
0 2.310000 0 0 0.0214371
1 2.310000 0 0 0.0371167
2 2.310000 0 0 0.0665795
3 2.310000 0 0 0.114386
4 2.310000 0 0 0.20927
5 2.310000 0 0 0.347744
6 2.310000 0 0 0.782759
7 2.310000 0 0 1.67786
8 2.310000 0 0 3.01409
9 2.310000 0 0 5.83891
10 2.310000 0 0 10.6802
11 2.310000 0 0 20.3442
12 2.310000 0 0 36.5441
13 2.310000 0 0 77.0455
0 2.360000 0 0 0.0198407
1 2.360000 0 0 0.0344179
2 2.360000 0 0 0.0620009
3 2.360000 0 0 0.106807
4 2.360000 0 0 0.196444
5 2.360000 0 0 0.329405
6 2.360000 0 0 0.745998
7 2.360000 0 0 1.60693
8 2.360000 0 0 2.89878
9 2.360000 0 0 5.61849
10 2.360000 0 0 10.3033
11 2.360000 0 0 19.6736
12 2.360000 0 0 35.3453
13 2.360000 0 0 74.4311
0 2.410000 0 0 0.0184054
1 2.410000 0 0 0.0319816
2 2.410000 0 0 0.0578441
3 2.410000 0 0 0.0998919
4 2.410000 0 0 0.184635
5 2.410000 0 0 0.312251
6 2.410000 0 0 0.711177
7 2.410000 0 0 1.53902
8 2.410000 0 0 2.78794
9 2.410000 0 0 5.40663
10 2.410000 0 0 9.94024
11 2.410000 0 0 19.0265
12 2.410000 0 0 34.1887
13 2.410000 0 0 71.913
0 2.460000 0 0 0.0171129
1 2.460000 0 0 0.0297793
2 2.460000 0 0 0.0540648
3 2.460000 0 0 0.0935737
4 2.460000 0 0 0.173749
5 2.460000 0 0 0.296193
6 2.460000 0 0 0.678181
7 2.460000 0 0 1.47399
8 2.460000 0 0 2.68138
9 2.460000 0 0 5.20295
10 2.460000 0 0 9.59033
11 2.460000 0 0 18.4018
12 2.460000 0 0 33.0721
13 2.460000 0 0 69.4866
0 2.510000 0 0 0.0159466
1 2.510000 0 0 0.0277852
2 2.510000 0 0 0.0506226
3 2.510000 0 0 0.0877916
4 2.510000 0 0 0.163702
5 2.510000 0 0 0.281149
6 2.510000 0 0 0.646901
7 2.510000 0 0 1.41173
8 2.510000 0 0 2.57894
9 2.510000 0 0 5.00714
10 2.510000 0 0 9.25306
11 2.510000 0 0 17.7984
12 2.510000 0 0 31.9937
13 2.510000 0 0 67.1473
0 2.560000 0 0 0.0148924
1 2.560000 0 0 0.0259765
2 2.560000 0 0 0.0474819
3 2.560000 0 0 0.0824929
4 2.560000 0 0 0.154417
5 2.560000 0 0 0.267043
6 2.560000 0 0 0.617235
7 2.560000 0 0 1.35212
8 2.560000 0 0 2.48047
9 2.560000 0 0 4.81885
10 2.560000 0 0 8.92792
11 2.560000 0 0 17.2153
12 2.560000 0 0 30.9517
13 2.560000 0 0 64.8907
0 2.610000 0 0 0.0139377
1 2.610000 0 0 0.0243338
2 2.610000 0 0 0.0446126
3 2.610000 0 0 0.0776307
4 2.610000 0 0 0.145827
5 2.610000 0 0 0.253807
6 2.610000 0 0 0.58909
7 2.610000 0 0 1.29506
8 2.610000 0 0 2.38578
9 2.610000 0 0 4.63777
10 2.610000 0 0 8.61439
11 2.610000 0 0 16.6515
12 2.610000 0 0 29.9443
13 2.610000 0 0 62.7128
0 2.660000 0 0 0.013072
1 2.660000 0 0 0.0228401
2 2.660000 0 0 0.0419876
3 2.660000 0 0 0.0731643
4 2.660000 0 0 0.137873
5 2.660000 0 0 0.241381
6 2.660000 0 0 0.562375
7 2.660000 0 0 1.24042
8 2.660000 0 0 2.29473
9 2.660000 0 0 4.46358
10 2.660000 0 0 8.31193
11 2.660000 0 0 16.1062
12 2.660000 0 0 28.9699
13 2.660000 0 0 60.6096
0 2.710000 0 0 0.0122858
1 2.710000 0 0 0.0214805
2 2.710000 0 0 0.0395834
3 2.710000 0 0 0.0690575
4 2.710000 0 0 0.130503
5 2.710000 0 0 0.229709
6 2.710000 0 0 0.537011
7 2.710000 0 0 1.18809
8 2.710000 0 0 2.20715
9 2.710000 0 0 4.29598
10 2.710000 0 0 8.0201
11 2.710000 0 0 15.5786
12 2.710000 0 0 28.0269
13 2.710000 0 0 58.5778
0 2.760000 0 0 0.0115708
1 2.760000 0 0 0.0202415
2 2.760000 0 0 0.0373787
3 2.760000 0 0 0.0652776
4 2.760000 0 0 0.123667
5 2.760000 0 0 0.218739
6 2.760000 0 0 0.512926
7 2.760000 0 0 1.138
8 2.760000 0 0 2.12293
9 2.760000 0 0 4.13471
10 2.760000 0 0 7.73847
11 2.760000 0 0 15.0678
12 2.760000 0 0 27.1143
13 2.760000 0 0 56.6142
0 2.810000 0 0 0.0109192
1 2.810000 0 0 0.019111
2 2.810000 0 0 0.0353545
3 2.810000 0 0 0.0617949
4 2.810000 0 0 0.117323
5 2.810000 0 0 0.208426
6 2.810000 0 0 0.490056
7 2.810000 0 0 1.09004
8 2.810000 0 0 2.04195
9 2.810000 0 0 3.97956
10 2.810000 0 0 7.4667
11 2.810000 0 0 14.5734
12 2.810000 0 0 26.2307
13 2.810000 0 0 54.7164
0 2.860000 0 0 0.0103247
1 2.860000 0 0 0.0180783
2 2.860000 0 0 0.0334938
3 2.860000 0 0 0.0585831
4 2.860000 0 0 0.11143
5 2.860000 0 0 0.198728
6 2.860000 0 0 0.468341
7 2.860000 0 0 1.04416
8 2.860000 0 0 1.9641
9 2.860000 0 0 3.83031
10 2.860000 0 0 7.20447
11 2.860000 0 0 14.0948
12 2.860000 0 0 25.3754
13 2.860000 0 0 52.8819
0 2.910000 0 0 0.0097811
1 2.910000 0 0 0.0171338
2 2.910000 0 0 0.0317813
3 2.910000 0 0 0.0556182
4 2.910000 0 0 0.105953
5 2.910000 0 0 0.189605
6 2.910000 0 0 0.44772
7 2.910000 0 0 1.00026
8 2.910000 0 0 1.88928
9 2.910000 0 0 3.68676
10 2.910000 0 0 6.95147
11 2.910000 0 0 13.6315
12 2.910000 0 0 24.5472
13 2.910000 0 0 51.1084
0 2.960000 0 0 0.00928323
1 2.960000 0 0 0.0162689
2 2.960000 0 0 0.0302032
3 2.960000 0 0 0.0528784
4 2.960000 0 0 0.100859
5 2.960000 0 0 0.181018
6 2.960000 0 0 0.428127
7 2.960000 0 0 0.95827
8 2.960000 0 0 1.81736
9 2.960000 0 0 3.54869
10 2.960000 0 0 6.70736
11 2.960000 0 0 13.1829
12 2.960000 0 0 23.7451
13 2.960000 0 0 49.3936
0 3.010000 0 0 0.00882605
1 3.010000 0 0 0.0154752
2 3.010000 0 0 0.0287462
3 3.010000 0 0 0.0503425
4 3.010000 0 0 0.0961157
5 3.010000 0 0 0.172932
6 3.010000 0 0 0.4095
7 3.010000 0 0 0.918086
8 3.010000 0 0 1.74821
9 3.010000 0 0 3.41588
10 3.010000 0 0 6.4718
11 3.010000 0 0 12.7484
12 3.010000 0 0 22.9683
13 3.010000 0 0 47.735
0 3.060000 0 0 0.00840465
1 3.060000 0 0 0.0147442
2 3.060000 0 0 0.027397
3 3.060000 0 0 0.0479893
4 3.060000 0 0 0.0916901
5 3.060000 0 0 0.165309
6 3.060000 0 0 0.391773
7 3.060000 0 0 0.879625
8 3.060000 0 0 1.6817
9 3.060000 0 0 3.28812
10 3.060000 0 0 6.24445
11 3.060000 0 0 12.3275
12 3.060000 0 0 22.2158
13 3.060000 0 0 46.1306
0 3.110000 0 0 0.00801419
1 3.110000 0 0 0.0140676
2 3.110000 0 0 0.0261425
3 3.110000 0 0 0.0457976
4 3.110000 0 0 0.0875504
5 3.110000 0 0 0.158114
6 3.110000 0 0 0.374891
7 3.110000 0 0 0.842807
8 3.110000 0 0 1.61773
9 3.110000 0 0 3.16519
10 3.110000 0 0 6.02502
11 3.110000 0 0 11.9198
12 3.110000 0 0 21.4866
13 3.110000 0 0 44.5782
0 3.160000 0 0 0.00765015
1 3.160000 0 0 0.0134371
2 3.160000 0 0 0.02497
3 3.160000 0 0 0.043747
4 3.160000 0 0 0.0836658
5 3.160000 0 0 0.151315
6 3.160000 0 0 0.358808
7 3.160000 0 0 0.807565
8 3.160000 0 0 1.55621
9 3.160000 0 0 3.04692
10 3.160000 0 0 5.81321
11 3.160000 0 0 11.5248
12 3.160000 0 0 20.78
13 3.160000 0 0 43.076
0 3.210000 0 0 0.00730859
1 3.210000 0 0 0.0128457
2 3.210000 0 0 0.0238684
3 3.210000 0 0 0.0418194
4 3.210000 0 0 0.0800087
5 3.210000 0 0 0.144881
6 3.210000 0 0 0.343486
7 3.210000 0 0 0.773844
8 3.210000 0 0 1.49705
9 3.210000 0 0 2.93314
10 3.210000 0 0 5.60877
11 3.210000 0 0 11.1421
12 3.210000 0 0 20.0953
13 3.210000 0 0 41.6223
0 3.260000 0 0 0.00698653
1 3.260000 0 0 0.0122879
2 3.260000 0 0 0.0228293
3 3.260000 0 0 0.0400008
4 3.260000 0 0 0.0765566
5 3.260000 0 0 0.138788
6 3.260000 0 0 0.328896
7 3.260000 0 0 0.741595
8 3.260000 0 0 1.44021
9 3.260000 0 0 2.82368
10 3.260000 0 0 5.41147
11 3.260000 0 0 10.7714
12 3.260000 0 0 19.432
13 3.260000 0 0 40.2157
0 3.310000 0 0 0.00668192
1 3.310000 0 0 0.0117602
2 3.310000 0 0 0.0218465
3 3.310000 0 0 0.0382808
4 3.310000 0 0 0.0732924
5 3.310000 0 0 0.133012
6 3.310000 0 0 0.315007
7 3.310000 0 0 0.710768
8 3.310000 0 0 1.38561
9 3.310000 0 0 2.71839
10 3.310000 0 0 5.22106
11 3.310000 0 0 10.4123
12 3.310000 0 0 18.7892
13 3.310000 0 0 38.8545
0 3.360000 0 0 0.00639344
1 3.360000 0 0 0.0112602
2 3.360000 0 0 0.0209158
3 3.360000 0 0 0.0366524
4 3.360000 0 0 0.0702029
5 3.360000 0 0 0.127534
6 3.360000 0 0 0.30179
7 3.360000 0 0 0.681307
8 3.360000 0 0 1.33318
9 3.360000 0 0 2.61712
10 3.360000 0 0 5.03732
11 3.360000 0 0 10.0644
12 3.360000 0 0 18.1663
13 3.360000 0 0 37.5373
0 3.410000 0 0 0.00612018
1 3.410000 0 0 0.0107864
2 3.410000 0 0 0.0200343
3 3.410000 0 0 0.0351102
4 3.410000 0 0 0.0672773
5 3.410000 0 0 0.122338
6 3.410000 0 0 0.289211
7 3.410000 0 0 0.653157
8 3.410000 0 0 1.28284
9 3.410000 0 0 2.5197
10 3.410000 0 0 4.85998
11 3.410000 0 0 9.72729
12 3.410000 0 0 17.5627
13 3.410000 0 0 36.2623
0 3.460000 0 0 0.00586138
1 3.460000 0 0 0.0103376
2 3.460000 0 0 0.0191993
3 3.460000 0 0 0.0336492
4 3.460000 0 0 0.0645058
5 3.460000 0 0 0.117406
6 3.460000 0 0 0.277237
7 3.460000 0 0 0.626262
8 3.460000 0 0 1.2345
9 3.460000 0 0 2.426
10 3.460000 0 0 4.68884
11 3.460000 0 0 9.40066
12 3.460000 0 0 16.9777
13 3.460000 0 0 35.0281
0 3.510000 0 0 0.00561622
1 3.510000 0 0 0.00991223
2 3.510000 0 0 0.018408
3 3.510000 0 0 0.0322648
4 3.510000 0 0 0.0618788
5 3.510000 0 0 0.112723
6 3.510000 0 0 0.265836
7 3.510000 0 0 0.600567
8 3.510000 0 0 1.18809
9 3.510000 0 0 2.33586
10 3.510000 0 0 4.52365
11 3.510000 0 0 9.08413
12 3.510000 0 0 16.4106
13 3.510000 0 0 33.8332
0 3.560000 0 0 0.00538382
1 3.560000 0 0 0.00950896
2 3.560000 0 0 0.0176577
3 3.560000 0 0 0.0309519
4 3.560000 0 0 0.0593869
5 3.560000 0 0 0.108273
6 3.560000 0 0 0.254979
7 3.560000 0 0 0.576024
8 3.560000 0 0 1.14354
9 3.560000 0 0 2.24916
10 3.560000 0 0 4.36425
11 3.560000 0 0 8.77738
12 3.560000 0 0 15.8609
13 3.560000 0 0 32.6763
0 3.610000 0 0 0.0051633
1 3.610000 0 0 0.00912622
2 3.610000 0 0 0.0169455
3 3.610000 0 0 0.0297057
4 3.610000 0 0 0.0570208
5 3.610000 0 0 0.104042
6 3.610000 0 0 0.244639
7 3.610000 0 0 0.55259
8 3.610000 0 0 1.10078
9 3.610000 0 0 2.16578
10 3.610000 0 0 4.21044
11 3.610000 0 0 8.48017
12 3.610000 0 0 15.3281
13 3.610000 0 0 31.5564
0 3.660000 0 0 0.00495386
1 3.660000 0 0 0.00876261
2 3.660000 0 0 0.0162689
3 3.660000 0 0 0.0285217
4 3.660000 0 0 0.0547724
5 3.660000 0 0 0.100018
6 3.660000 0 0 0.234791
7 3.660000 0 0 0.530219
8 3.660000 0 0 1.05977
9 3.660000 0 0 2.08561
10 3.660000 0 0 4.06207
11 3.660000 0 0 8.19225
12 3.660000 0 0 14.8119
13 3.660000 0 0 30.4724
0 3.710000 0 0 0.00475475
1 3.710000 0 0 0.00841685
2 3.710000 0 0 0.0156255
3 3.710000 0 0 0.0273958
4 3.710000 0 0 0.052634
5 3.710000 0 0 0.0961891
6 3.710000 0 0 0.225412
7 3.710000 0 0 0.508868
8 3.710000 0 0 1.02043
9 3.710000 0 0 2.00854
10 3.710000 0 0 3.91897
11 3.710000 0 0 7.91339
12 3.710000 0 0 14.3117
13 3.710000 0 0 29.4233
0 3.760000 0 0 0.00456535
1 3.760000 0 0 0.00808785
2 3.760000 0 0 0.0150134
3 3.760000 0 0 0.0263245
4 3.760000 0 0 0.0505991
5 3.760000 0 0 0.0925432
6 3.760000 0 0 0.216478
7 3.760000 0 0 0.488487
8 3.760000 0 0 0.982691
9 3.760000 0 0 1.93443
10 3.760000 0 0 3.78094
11 3.760000 0 0 7.64334
12 3.760000 0 0 13.8272
13 3.760000 0 0 28.4081
0 3.810000 0 0 0.00438505
1 3.810000 0 0 0.00777458
2 3.810000 0 0 0.0144306
3 3.810000 0 0 0.0253046
4 3.810000 0 0 0.0486614
5 3.810000 0 0 0.0890699
6 3.810000 0 0 0.207965
7 3.810000 0 0 0.469023
8 3.810000 0 0 0.946482
9 3.810000 0 0 1.86315
10 3.810000 0 0 3.64778
11 3.810000 0 0 7.38183
12 3.810000 0 0 13.3579
13 3.810000 0 0 27.4258
0 3.860000 0 0 0.00421334
1 3.860000 0 0 0.00747615
2 3.860000 0 0 0.0138754
3 3.860000 0 0 0.0243329
4 3.860000 0 0 0.0468152
5 3.860000 0 0 0.0857589
6 3.860000 0 0 0.199847
7 3.860000 0 0 0.450426
8 3.860000 0 0 0.911724
9 3.860000 0 0 1.79457
10 3.860000 0 0 3.5193
11 3.860000 0 0 7.12859
12 3.860000 0 0 12.9033
13 3.860000 0 0 26.4752
0 3.910000 0 0 0.00404972
1 3.910000 0 0 0.00719169
2 3.910000 0 0 0.0133462
3 3.910000 0 0 0.0234068
4 3.910000 0 0 0.0450552
5 3.910000 0 0 0.0826005
6 3.910000 0 0 0.192103
7 3.910000 0 0 0.432644
8 3.910000 0 0 0.878341
9 3.910000 0 0 1.72856
10 3.910000 0 0 3.39529
11 3.910000 0 0 6.88334
12 3.910000 0 0 12.4629
13 3.910000 0 0 25.5553
0 3.960000 0 0 0.00389372
1 3.960000 0 0 0.00692041
2 3.960000 0 0 0.0128416
3 3.960000 0 0 0.0225236
4 3.960000 0 0 0.0433765
5 3.960000 0 0 0.0795861
6 3.960000 0 0 0.184711
7 3.960000 0 0 0.415638
8 3.960000 0 0 0.846268
9 3.960000 0 0 1.66501
10 3.960000 0 0 3.27558
11 3.960000 0 0 6.64584
12 3.960000 0 0 12.0363
13 3.960000 0 0 24.6649
0 4.010000 0 0 0.00374493
1 4.010000 0 0 0.00666159
2 4.010000 0 0 0.0123601
3 4.010000 0 0 0.0216809
4 4.010000 0 0 0.0417745
5 4.010000 0 0 0.0767078
6 4.010000 0 0 0.177653
7 4.010000 0 0 0.399364
8 4.010000 0 0 0.815446
9 4.010000 0 0 1.60383
10 4.010000 0 0 3.16002
11 4.010000 0 0 6.41585
12 4.010000 0 0 11.623
13 4.010000 0 0 23.8034
0 4.060000 0 0 0.00360294
1 4.060000 0 0 0.00641454
2 4.060000 0 0 0.0119005
3 4.060000 0 0 0.0208766
4 4.060000 0 0 0.0402451
5 4.060000 0 0 0.0739587
6 4.060000 0 0 0.170914
7 4.060000 0 0 0.383793
8 4.060000 0 0 0.785828
9 4.060000 0 0 1.54492
10 4.060000 0 0 3.04846
11 4.060000 0 0 6.1932
12 4.060000 0 0 11.2228
13 4.060000 0 0 22.97
0 4.110000 0 0 0.0034674
1 4.110000 0 0 0.00617863
2 4.110000 0 0 0.0114617
3 4.110000 0 0 0.0201085
4 4.110000 0 0 0.0387844
5 4.110000 0 0 0.0713324
6 4.110000 0 0 0.164477
7 4.110000 0 0 0.368895
8 4.110000 0 0 0.757368
9 4.110000 0 0 1.48823
10 4.110000 0 0 2.9408
11 4.110000 0 0 5.9777
12 4.110000 0 0 10.8354
13 4.110000 0 0 22.1639
0 4.160000 0 0 0.00333797
1 4.160000 0 0 0.00595329
2 4.160000 0 0 0.0110426
3 4.160000 0 0 0.0193748
4 4.160000 0 0 0.0373889
5 4.160000 0 0 0.0688227
6 4.160000 0 0 0.15833
7 4.160000 0 0 0.354641
8 4.160000 0 0 0.730024
9 4.160000 0 0 1.43368
10 4.160000 0 0 2.83691
11 4.160000 0 0 5.76921
12 4.160000 0 0 10.4605
13 4.160000 0 0 21.3846
0 4.210000 0 0 0.00321436
1 4.210000 0 0 0.00573798
2 4.210000 0 0 0.0106421
3 4.210000 0 0 0.0186738
4 4.210000 0 0 0.0360551
5 4.210000 0 0 0.0664232
6 4.210000 0 0 0.152457
7 4.210000 0 0 0.341001
8 4.210000 0 0 0.703748
9 4.210000 0 0 1.38118
10 4.210000 0 0 2.73667
11 4.210000 0 0 5.56752
12 4.210000 0 0 10.0977
13 4.210000 0 0 20.6313
0 4.260000 0 0 0.0030961
1 4.260000 0 0 0.005532
2 4.260000 0 0 0.010259
3 4.260000 0 0 0.0180032
4 4.260000 0 0 0.0347791
5 4.260000 0 0 0.0641271
6 4.260000 0 0 0.146842
7 4.260000 0 0 0.32794
8 4.260000 0 0 0.678488
9 4.260000 0 0 1.33063
10 4.260000 0 0 2.63993
11 4.260000 0 0 5.37239
12 4.260000 0 0 9.7466
13 4.260000 0 0 19.9029
0 4.310000 0 0 0.00298303
1 4.310000 0 0 0.00533496
2 4.310000 0 0 0.00989253
3 4.310000 0 0 0.0173617
4 4.310000 0 0 0.033558
5 4.310000 0 0 0.0619283
6 4.310000 0 0 0.141471
7 4.310000 0 0 0.315424
8 4.310000 0 0 0.654197
9 4.310000 0 0 1.28194
10 4.310000 0 0 2.54657
11 4.310000 0 0 5.18368
12 4.310000 0 0 9.40687
13 4.310000 0 0 19.1985
0 4.360000 0 0 0.00287477
1 4.360000 0 0 0.00514625
2 4.360000 0 0 0.00954156
3 4.360000 0 0 0.0167473
4 4.360000 0 0 0.0323884
5 4.360000 0 0 0.0598203
6 4.360000 0 0 0.136327
7 4.360000 0 0 0.303422
8 4.360000 0 0 0.630817
9 4.360000 0 0 1.23501
10 4.360000 0 0 2.45644
11 4.360000 0 0 5.0011
12 4.360000 0 0 9.07804
13 4.360000 0 0 18.5171
0 4.410000 0 0 0.00277105
1 4.410000 0 0 0.0049654
2 4.410000 0 0 0.00920522
3 4.410000 0 0 0.0161585
4 4.410000 0 0 0.0312674
5 4.410000 0 0 0.0577982
6 4.410000 0 0 0.131401
7 4.410000 0 0 0.291904
8 4.410000 0 0 0.608314
9 4.410000 0 0 1.18975
10 4.410000 0 0 2.3694
11 4.410000 0 0 4.82449
12 4.410000 0 0 8.75972
13 4.410000 0 0 17.8575
0 4.460000 0 0 0.00267161
1 4.460000 0 0 0.00479196
2 4.460000 0 0 0.0088827
3 4.460000 0 0 0.0155939
4 4.460000 0 0 0.0301922
5 4.460000 0 0 0.0558576
6 4.460000 0 0 0.126681
7 4.460000 0 0 0.280855
8 4.460000 0 0 0.586654
9 4.460000 0 0 1.14612
10 4.460000 0 0 2.28534
11 4.460000 0 0 4.65369
12 4.460000 0 0 8.4516
13 4.460000 0 0 17.2191
0 4.510000 0 0 0.00257625
1 4.510000 0 0 0.00462559
2 4.510000 0 0 0.00857331
3 4.510000 0 0 0.0150522
4 4.510000 0 0 0.0291605
5 4.510000 0 0 0.053995
6 4.510000 0 0 0.122162
7 4.510000 0 0 0.270256
8 4.510000 0 0 0.565811
9 4.510000 0 0 1.10405
10 4.510000 0 0 2.20419
11 4.510000 0 0 4.48852
12 4.510000 0 0 8.1535
13 4.510000 0 0 16.6016
0 4.560000 0 0 0.00248487
1 4.560000 0 0 0.0044661
2 4.560000 0 0 0.00827671
3 4.560000 0 0 0.014533
4 4.560000 0 0 0.0281712
5 4.560000 0 0 0.0522075
6 4.560000 0 0 0.117838
7 4.560000 0 0 0.260094
8 4.560000 0 0 0.545762
9 4.560000 0 0 1.06352
10 4.560000 0 0 2.12583
11 4.560000 0 0 4.32888
12 4.560000 0 0 7.86516
13 4.560000 0 0 16.0045
0 4.610000 0 0 0.00239719
1 4.610000 0 0 0.00431301
2 4.610000 0 0 0.00799204
3 4.610000 0 0 0.0140346
4 4.610000 0 0 0.0272213
5 4.610000 0 0 0.0504912
6 4.610000 0 0 0.1137
7 4.610000 0 0 0.250355
8 4.610000 0 0 0.526474
9 4.610000 0 0 1.02447
10 4.610000 0 0 2.05023
11 4.610000 0 0 4.17461
12 4.610000 0 0 7.5864
13 4.610000 0 0 15.4277
0 4.660000 0 0 0.00231305
1 4.660000 0 0 0.00416606
2 4.660000 0 0 0.00771879
3 4.660000 0 0 0.0135563
4 4.660000 0 0 0.0263093
5 4.660000 0 0 0.0488437
6 4.660000 0 0 0.109742
7 4.660000 0 0 0.24103
8 4.660000 0 0 0.507925
9 4.660000 0 0 0.986884
10 4.660000 0 0 1.97732
11 4.660000 0 0 4.02567
12 4.660000 0 0 7.31697
13 4.660000 0 0 14.8705
0 4.710000 0 0 0.00223234
1 4.710000 0 0 0.00402501
2 4.710000 0 0 0.00745653
3 4.710000 0 0 0.0130973
4 4.710000 0 0 0.0254336
5 4.710000 0 0 0.0472616
6 4.710000 0 0 0.105957
7 4.710000 0 0 0.232101
8 4.710000 0 0 0.490095
9 4.710000 0 0 0.95071
10 4.710000 0 0 1.90701
11 4.710000 0 0 3.88189
12 4.710000 0 0 7.05675
13 4.710000 0 0 14.3328
0 4.760000 0 0 0.00215502
1 4.760000 0 0 0.00388979
2 4.760000 0 0 0.00720509
3 4.760000 0 0 0.0126573
4 4.760000 0 0 0.0245936
5 4.760000 0 0 0.0457429
6 4.760000 0 0 0.102338
7 4.760000 0 0 0.223556
8 4.760000 0 0 0.472952
9 4.760000 0 0 0.915926
10 4.760000 0 0 1.83925
11 4.760000 0 0 3.74313
12 4.760000 0 0 6.80539
13 4.760000 0 0 13.8138
0 4.810000 0 0 0.00208101
1 4.810000 0 0 0.0037603
2 4.810000 0 0 0.00696425
3 4.810000 0 0 0.0122361
4 4.810000 0 0 0.023788
5 4.810000 0 0 0.044285
6 4.810000 0 0 0.0988754
7 4.810000 0 0 0.215395
8 4.810000 0 0 0.45648
9 4.810000 0 0 0.88251
10 4.810000 0 0 1.77403
11 4.810000 0 0 3.60933
12 4.810000 0 0 6.56271
13 4.810000 0 0 13.3132
0 4.860000 0 0 0.00201037
1 4.860000 0 0 0.00363653
2 4.860000 0 0 0.00673398
3 4.860000 0 0 0.0118335
4 4.860000 0 0 0.0230166
5 4.860000 0 0 0.0428864
6 4.860000 0 0 0.0955658
7 4.860000 0 0 0.207595
8 4.860000 0 0 0.440654
9 4.860000 0 0 0.850443
10 4.860000 0 0 1.71126
11 4.860000 0 0 3.48028
12 4.860000 0 0 6.32848
13 4.860000 0 0 12.8303
0 4.910000 0 0 0.00194318
1 4.910000 0 0 0.00351866
2 4.910000 0 0 0.00649861
3 4.910000 0 0 0.0114218
4 4.910000 0 0 0.0222799
5 4.910000 0 0 0.0415476
6 4.910000 0 0 0.0924042
7 4.910000 0 0 0.200152
8 4.910000 0 0 0.425459
9 4.910000 0 0 0.819715
10 4.910000 0 0 1.64838
11 4.910000 0 0 3.35202
12 4.910000 0 0 6.10272
13 4.910000 0 0 12.3649
0 0.010000 0 1 1075.54
1 0.010000 0 1 1616.24
2 0.010000 0 1 2508.26
3 0.010000 0 1 3349.42
4 0.010000 0 1 4431.64
5 0.010000 0 1 4048.05
6 0.010000 0 1 5540.27
7 0.010000 0 1 8090.83
8 0.010000 0 1 11983.9
9 0.010000 0 1 23025
10 0.010000 0 1 37255.1
11 0.010000 0 1 64645.9
12 0.010000 0 1 118841
13 0.010000 0 1 290087
0 0.060000 0 1 33.0632
1 0.060000 0 1 49.7119
2 0.060000 0 1 77.2076
3 0.060000 0 1 103.372
4 0.060000 0 1 137.083
5 0.060000 0 1 125.273
6 0.060000 0 1 170.998
7 0.060000 0 1 249.37
8 0.060000 0 1 370.1
9 0.060000 0 1 710.744
10 0.060000 0 1 1151.66
11 0.060000 0 1 1999.13
12 0.060000 0 1 3669.8
13 0.060000 0 1 8912.16
0 0.110000 0 1 10.8044
1 0.110000 0 1 16.2543
2 0.110000 0 1 25.2637
3 0.110000 0 1 33.9168
4 0.110000 0 1 45.0828
5 0.110000 0 1 41.2463
6 0.110000 0 1 56.2157
7 0.110000 0 1 81.9301
8 0.110000 0 1 121.843
9 0.110000 0 1 233.886
10 0.110000 0 1 379.527
11 0.110000 0 1 659.097
12 0.110000 0 1 1208.28
13 0.110000 0 1 2920.08
0 0.160000 0 1 5.57027
1 0.160000 0 1 8.38501
2 0.160000 0 1 13.0425
3 0.160000 0 1 17.5583
4 0.160000 0 1 23.3949
5 0.160000 0 1 21.4431
6 0.160000 0 1 29.2105
7 0.160000 0 1 42.5764
8 0.160000 0 1 63.4489
9 0.160000 0 1 121.746
10 0.160000 0 1 197.844
11 0.160000 0 1 343.749
12 0.160000 0 1 629.376
13 0.160000 0 1 1514
0 0.210000 0 1 3.50477
1 0.210000 0 1 5.27912
2 0.210000 0 1 8.21764
3 0.210000 0 1 11.0943
4 0.210000 0 1 14.8187
5 0.210000 0 1 13.6156
6 0.210000 0 1 18.5555
7 0.210000 0 1 27.0665
8 0.210000 0 1 40.4202
9 0.210000 0 1 77.5301
10 0.210000 0 1 126.176
11 0.210000 0 1 219.345
12 0.210000 0 1 401.126
13 0.210000 0 1 960.673
0 0.260000 0 1 2.46362
1 0.260000 0 1 3.71333
2 0.260000 0 1 5.78466
3 0.260000 0 1 7.8323
4 0.260000 0 1 10.4882
5 0.260000 0 1 9.66566
6 0.260000 0 1 13.1895
7 0.260000 0 1 19.2653
8 0.260000 0 1 28.8314
9 0.260000 0 1 55.2835
10 0.260000 0 1 90.1038
11 0.260000 0 1 156.729
12 0.260000 0 1 286.297
13 0.260000 0 1 682.766
0 0.310000 0 1 1.85704
1 0.310000 0 1 2.80101
2 0.310000 0 1 4.36675
3 0.310000 0 1 5.92998
4 0.310000 0 1 7.96153
5 0.310000 0 1 7.36308
6 0.310000 0 1 10.0682
7 0.310000 0 1 14.7344
8 0.310000 0 1 22.0983
9 0.310000 0 1 42.3602
10 0.310000 0 1 69.1434
11 0.310000 0 1 120.346
12 0.310000 0 1 219.604
13 0.310000 0 1 521.597
0 0.360000 0 1 1.46807
1 0.360000 0 1 2.21594
2 0.360000 0 1 3.45727
3 0.360000 0 1 4.70907
4 0.360000 0 1 6.33929
5 0.360000 0 1 5.88641
6 0.360000 0 1 8.07155
7 0.360000 0 1 11.8409
8 0.360000 0 1 17.7975
9 0.360000 0 1 34.107
10 0.360000 0 1 55.7551
11 0.360000 0 1 97.1086
12 0.360000 0 1 177.025
13 0.360000 0 1 418.831
0 0.410000 0 1 1.20094
1 0.410000 0 1 1.81411
2 0.410000 0 1 2.83254
3 0.410000 0 1 3.86999
4 0.410000 0 1 5.22405
5 0.410000 0 1 4.87263
6 0.410000 0 1 6.70457
7 0.410000 0 1 9.86398
8 0.410000 0 1 14.8589
9 0.410000 0 1 28.4686
10 0.410000 0 1 46.6081
11 0.410000 0 1 81.2354
12 0.410000 0 1 147.949
13 0.410000 0 1 348.733
0 0.460000 0 1 1.00777
1 0.460000 0 1 1.52354
2 0.460000 0 1 2.3807
3 0.460000 0 1 3.26282
4 0.460000 0 1 4.41687
5 0.460000 0 1 4.14003
6 0.460000 0 1 5.71976
7 0.460000 0 1 8.44305
8 0.460000 0 1 12.7469
9 0.460000 0 1 24.417
10 0.460000 0 1 40.0354
11 0.460000 0 1 69.8324
12 0.460000 0 1 127.067
13 0.460000 0 1 298.439
0 0.510000 0 1 0.862378
1 0.510000 0 1 1.30483
2 0.510000 0 1 2.04057
3 0.510000 0 1 2.80553
4 0.510000 0 1 3.80885
5 0.510000 0 1 3.58914
6 0.510000 0 1 4.98169
7 0.510000 0 1 7.38092
8 0.510000 0 1 11.1686
9 0.510000 0 1 21.3897
10 0.510000 0 1 35.1251
11 0.510000 0 1 61.3162
12 0.510000 0 1 111.477
13 0.510000 0 1 260.916
0 0.560000 0 1 0.749375
1 0.560000 0 1 1.13485
2 0.560000 0 1 1.77618
3 0.560000 0 1 2.4499
4 0.560000 0 1 3.33593
5 0.560000 0 1 3.16145
6 0.560000 0 1 4.41073
7 0.560000 0 1 6.56171
8 0.560000 0 1 9.95173
9 0.560000 0 1 19.0561
10 0.560000 0 1 31.341
11 0.560000 0 1 54.7559
12 0.560000 0 1 99.4697
13 0.560000 0 1 232.036
0 0.610000 0 1 0.659193
1 0.610000 0 1 0.9992
2 0.610000 0 1 1.56516
3 0.610000 0 1 2.16591
4 0.610000 0 1 2.95822
5 0.610000 0 1 2.82052
6 0.610000 0 1 3.95731
7 0.610000 0 1 5.91325
8 0.610000 0 1 8.98903
9 0.610000 0 1 17.2102
10 0.610000 0 1 28.3489
11 0.610000 0 1 49.5711
12 0.610000 0 1 89.9824
13 0.610000 0 1 209.229
0 0.660000 0 1 0.58562
1 0.660000 0 1 0.888537
2 0.660000 0 1 1.39299
3 0.660000 0 1 1.93405
4 0.660000 0 1 2.64981
5 0.660000 0 1 2.54264
6 0.660000 0 1 3.58917
7 0.660000 0 1 5.38858
8 0.660000 0 1 8.21061
9 0.660000 0 1 15.718
10 0.660000 0 1 25.931
11 0.660000 0 1 45.3839
12 0.660000 0 1 82.3222
13 0.660000 0 1 190.821
0 0.710000 0 1 0.524484
1 0.710000 0 1 0.79658
2 0.710000 0 1 1.2499
3 0.710000 0 1 1.74122
4 0.710000 0 1 2.39326
5 0.710000 0 1 2.31188
6 0.710000 0 1 3.28462
7 0.710000 0 1 4.95612
8 0.710000 0 1 7.5695
9 0.710000 0 1 14.4893
10 0.710000 0 1 23.9412
11 0.710000 0 1 41.9401
12 0.710000 0 1 76.0234
13 0.710000 0 1 175.69
0 0.760000 0 1 0.472887
1 0.760000 0 1 0.718972
2 0.760000 0 1 1.12912
3 0.760000 0 1 1.57832
4 0.760000 0 1 2.17648
5 0.760000 0 1 2.11721
6 0.760000 0 1 3.02869
7 0.760000 0 1 4.59411
8 0.760000 0 1 7.03332
9 0.760000 0 1 13.4618
10 0.760000 0 1 22.2784
11 0.760000 0 1 39.0646
12 0.760000 0 1 70.765
13 0.760000 0 1 163.062
0 0.810000 0 1 0.428756
1 0.810000 0 1 0.652594
2 0.810000 0 1 1.02581
3 0.810000 0 1 1.43885
4 0.810000 0 1 1.99083
5 0.810000 0 1 1.95074
6 0.810000 0 1 2.81068
7 0.810000 0 1 4.28699
8 0.810000 0 1 6.57894
9 0.810000 0 1 12.5914
10 0.810000 0 1 20.8708
11 0.810000 0 1 36.6323
12 0.810000 0 1 66.3181
13 0.810000 0 1 152.384
0 0.860000 0 1 0.390568
1 0.860000 0 1 0.595153
2 0.860000 0 1 0.936388
3 0.860000 0 1 1.31801
4 0.860000 0 1 1.82993
5 0.860000 0 1 1.80663
6 0.860000 0 1 2.62263
7 0.860000 0 1 4.02318
8 0.860000 0 1 6.1891
9 0.860000 0 1 11.8448
10 0.860000 0 1 19.6644
11 0.860000 0 1 34.5498
12 0.860000 0 1 62.5113
13 0.860000 0 1 143.243
0 0.910000 0 1 0.357185
1 0.910000 0 1 0.544937
2 0.910000 0 1 0.858202
3 0.910000 0 1 1.21222
4 0.910000 0 1 1.689
5 0.910000 0 1 1.68051
6 0.910000 0 1 2.45859
7 0.910000 0 1 3.79399
8 0.910000 0 1 5.8508
9 0.910000 0 1 11.197
10 0.910000 0 1 18.6187
11 0.910000 0 1 32.7465
12 0.910000 0 1 59.2156
13 0.910000 0 1 135.331
0 0.960000 0 1 0.327748
1 0.960000 0 1 0.500654
2 0.960000 0 1 0.789239
3 0.960000 0 1 1.11879
4 0.960000 0 1 1.56445
5 0.960000 0 1 1.5691
6 0.960000 0 1 2.3141
7 0.960000 0 1 3.59291
8 0.960000 0 1 5.5544
9 0.960000 0 1 10.6297
10 0.960000 0 1 17.7036
11 0.960000 0 1 31.1702
12 0.960000 0 1 56.3354
13 0.960000 0 1 128.417
0 1.010000 0 1 0.301594
1 1.010000 0 1 0.461303
2 1.010000 0 1 0.727944
3 1.010000 0 1 1.03562
4 1.010000 0 1 1.45351
5 1.010000 0 1 1.46987
6 1.010000 0 1 2.18573
7 1.010000 0 1 3.41497
8 1.010000 0 1 5.29245
9 1.010000 0 1 10.1284
10 1.010000 0 1 16.896
11 1.010000 0 1 29.7806
12 1.010000 0 1 53.7969
13 1.010000 0 1 122.323
0 1.060000 0 1 0.2782
1 1.060000 0 1 0.4261
2 1.060000 0 1 0.673098
3 1.060000 0 1 0.961081
4 1.060000 0 1 1.35399
5 1.060000 0 1 1.38082
6 1.060000 0 1 2.07076
7 1.060000 0 1 3.25618
8 1.060000 0 1 5.05903
9 1.060000 0 1 9.68188
10 1.060000 0 1 16.1772
11 1.060000 0 1 28.5455
12 1.060000 0 1 51.5412
13 1.060000 0 1 116.909
0 1.110000 0 1 0.257154
1 1.110000 0 1 0.394422
2 1.110000 0 1 0.623732
3 1.110000 0 1 0.893867
4 1.110000 0 1 1.26417
5 1.110000 0 1 1.30037
6 1.110000 0 1 1.96703
7 1.110000 0 1 3.11339
8 1.110000 0 1 4.84938
9 1.110000 0 1 9.28096
10 1.110000 0 1 15.5326
11 1.110000 0 1 27.439
12 1.110000 0 1 49.5211
13 1.110000 0 1 112.062
0 1.160000 0 1 0.238124
1 1.160000 0 1 0.365772
2 1.160000 0 1 0.579071
3 1.160000 0 1 0.832939
4 1.160000 0 1 1.18265
5 1.160000 0 1 1.22725
6 1.160000 0 1 1.87282
7 1.160000 0 1 2.98406
8 1.160000 0 1 4.65974
9 1.160000 0 1 8.91843
10 1.160000 0 1 14.9502
11 1.160000 0 1 26.4407
12 1.160000 0 1 47.699
13 1.160000 0 1 107.69
0 1.210000 0 1 0.220842
1 1.210000 0 1 0.339745
2 1.210000 0 1 0.538486
3 1.210000 0 1 0.777455
4 1.210000 0 1 1.10831
5 1.210000 0 1 1.16045
6 1.210000 0 1 1.78676
7 1.210000 0 1 2.8662
8 1.210000 0 1 4.48713
9 1.210000 0 1 8.58857
10 1.210000 0 1 14.4208
11 1.210000 0 1 25.5344
12 1.210000 0 1 46.0454
13 1.210000 0 1 103.725
0 1.260000 0 1 0.205087
1 1.260000 0 1 0.316008
2 1.260000 0 1 0.501461
3 1.260000 0 1 0.726726
4 1.260000 0 1 1.04026
5 1.260000 0 1 1.09915
6 1.260000 0 1 1.70774
7 1.260000 0 1 2.75822
8 1.260000 0 1 4.32919
9 1.260000 0 1 8.28686
10 1.260000 0 1 13.9371
11 1.260000 0 1 24.7074
12 1.260000 0 1 44.537
13 1.260000 0 1 100.109
0 1.310000 0 1 0.190675
1 1.310000 0 1 0.294286
2 1.310000 0 1 0.467566
3 1.310000 0 1 0.680178
4 1.310000 0 1 0.977715
5 1.310000 0 1 1.04266
6 1.310000 0 1 1.63487
7 1.310000 0 1 2.65883
8 1.310000 0 1 4.18397
9 1.310000 0 1 8.00956
10 1.310000 0 1 13.493
11 1.310000 0 1 23.9491
12 1.310000 0 1 43.1544
13 1.310000 0 1 96.7954
0 1.360000 0 1 0.177451
1 1.360000 0 1 0.274345
2 1.360000 0 1 0.436441
3 1.360000 0 1 0.637329
4 1.360000 0 1 0.92005
5 1.360000 0 1 0.990417
6 1.360000 0 1 1.56737
7 1.360000 0 1 2.56687
8 1.360000 0 1 4.04979
9 1.360000 0 1 7.75342
10 1.360000 0 1 13.0832
11 1.360000 0 1 23.2503
12 1.360000 0 1 41.881
13 1.360000 0 1 93.7449
0 1.410000 0 1 0.165285
1 1.410000 0 1 0.255991
2 1.410000 0 1 0.407781
3 1.410000 0 1 0.597773
4 1.410000 0 1 0.866718
5 1.410000 0 1 0.941925
6 1.410000 0 1 1.50457
7 1.410000 0 1 2.48139
8 1.410000 0 1 3.92517
9 1.410000 0 1 7.51563
10 1.410000 0 1 12.7031
11 1.410000 0 1 22.6031
12 1.410000 0 1 40.7019
13 1.410000 0 1 90.9221
0 1.460000 0 1 0.154067
1 1.460000 0 1 0.239057
2 1.460000 0 1 0.381326
3 1.460000 0 1 0.561161
4 1.460000 0 1 0.817261
5 1.460000 0 1 0.89677
6 1.460000 0 1 1.44592
7 1.460000 0 1 2.40156
8 1.460000 0 1 3.80891
9 1.460000 0 1 7.29386
10 1.460000 0 1 12.3489
11 1.460000 0 1 22.0008
12 1.460000 0 1 39.6051
13 1.460000 0 1 88.2981
0 1.510000 0 1 0.143702
1 1.510000 0 1 0.223399
2 1.510000 0 1 0.356855
3 1.510000 0 1 0.527201
4 1.510000 0 1 0.771288
5 1.510000 0 1 0.854607
6 1.510000 0 1 1.39096
7 1.510000 0 1 2.32672
8 1.510000 0 1 3.7
9 1.510000 0 1 7.0862
10 1.510000 0 1 12.0175
11 1.510000 0 1 21.4379
12 1.510000 0 1 38.5807
13 1.510000 0 1 85.8491
0 1.560000 0 1 0.134109
1 1.560000 0 1 0.208896
2 1.560000 0 1 0.334179
3 1.560000 0 1 0.49564
4 1.560000 0 1 0.728469
5 1.560000 0 1 0.815144
6 1.560000 0 1 1.33931
7 1.560000 0 1 2.25631
8 1.560000 0 1 3.5976
9 1.560000 0 1 6.89103
10 1.560000 0 1 11.7062
11 1.560000 0 1 20.9099
12 1.560000 0 1 37.6203
13 1.560000 0 1 83.5551
0 1.610000 0 1 0.125217
1 1.610000 0 1 0.195444
2 1.610000 0 1 0.313135
3 1.610000 0 1 0.466264
4 1.610000 0 1 0.688519
5 1.610000 0 1 0.778128
6 1.610000 0 1 1.29063
7 1.610000 0 1 2.18984
8 1.610000 0 1 3.50098
9 1.610000 0 1 6.70692
10 1.610000 0 1 11.4128
11 1.610000 0 1 20.4127
12 1.610000 0 1 36.7164
13 1.610000 0 1 81.3981
0 1.660000 0 1 0.116966
1 1.660000 0 1 0.18295
2 1.660000 0 1 0.293579
3 1.660000 0 1 0.438881
4 1.660000 0 1 0.651186
5 1.660000 0 1 0.743338
6 1.660000 0 1 1.24463
7 1.660000 0 1 2.12688
8 1.660000 0 1 3.40947
9 1.660000 0 1 6.53263
10 1.660000 0 1 11.1351
11 1.660000 0 1 19.9426
12 1.660000 0 1 35.8623
13 1.660000 0 1 79.3624
0 1.710000 0 1 0.109301
1 1.710000 0 1 0.171332
2 1.710000 0 1 0.275385
3 1.710000 0 1 0.413324
4 1.710000 0 1 0.616249
5 1.710000 0 1 0.71058
6 1.710000 0 1 1.20106
7 1.710000 0 1 2.06705
8 1.710000 0 1 3.32252
9 1.710000 0 1 6.36707
10 1.710000 0 1 10.8714
11 1.710000 0 1 19.4967
12 1.710000 0 1 35.0524
13 1.710000 0 1 77.4347
0 1.760000 0 1 0.102173
1 1.760000 0 1 0.160518
2 1.760000 0 1 0.258439
3 1.760000 0 1 0.389442
4 1.760000 0 1 0.58351
5 1.760000 0 1 0.679683
6 1.760000 0 1 1.15969
7 1.760000 0 1 2.01004
8 1.760000 0 1 3.23967
9 1.760000 0 1 6.20937
10 1.760000 0 1 10.6203
11 1.760000 0 1 19.0723
12 1.760000 0 1 34.2822
13 1.760000 0 1 75.604
0 1.810000 0 1 0.0955383
1 1.810000 0 1 0.150441
2 1.810000 0 1 0.242639
3 1.810000 0 1 0.367101
4 1.810000 0 1 0.552796
5 1.810000 0 1 0.650501
6 1.810000 0 1 1.12035
7 1.810000 0 1 1.95562
8 1.810000 0 1 3.16054
9 1.810000 0 1 6.0588
10 1.810000 0 1 10.3805
11 1.810000 0 1 18.6674
12 1.810000 0 1 33.5479
13 1.810000 0 1 73.8611
0 1.860000 0 1 0.089358
1 1.860000 0 1 0.141043
2 1.860000 0 1 0.227894
3 1.860000 0 1 0.346182
4 1.860000 0 1 0.523948
5 1.860000 0 1 0.622901
6 1.860000 0 1 1.08287
7 1.860000 0 1 1.90354
8 1.860000 0 1 3.08481
9 1.860000 0 1 5.91473
10 1.860000 0 1 10.1511
11 1.860000 0 1 18.2804
12 1.860000 0 1 32.8463
13 1.860000 0 1 72.1983
0 1.910000 0 1 0.0835966
1 1.910000 0 1 0.132271
2 1.910000 0 1 0.214122
3 1.910000 0 1 0.326576
4 1.910000 0 1 0.496828
5 1.910000 0 1 0.596767
6 1.910000 0 1 1.04711
7 1.910000 0 1 1.85361
8 1.910000 0 1 3.01218
9 1.910000 0 1 5.77661
10 1.910000 0 1 9.93122
11 1.910000 0 1 17.9095
12 1.910000 0 1 32.1745
13 1.910000 0 1 70.6085
0 1.960000 0 1 0.078223
1 1.960000 0 1 0.124079
2 1.960000 0 1 0.20125
3 1.960000 0 1 0.308189
4 1.960000 0 1 0.47131
5 1.960000 0 1 0.571992
6 1.960000 0 1 1.01295
7 1.960000 0 1 1.80566
8 1.960000 0 1 2.94238
9 1.960000 0 1 5.64388
10 1.960000 0 1 9.71987
11 1.960000 0 1 17.5534
12 1.960000 0 1 31.5297
13 1.960000 0 1 69.085
0 2.010000 0 1 0.0732095
1 2.010000 0 1 0.116426
2 2.010000 0 1 0.189216
3 2.010000 0 1 0.290935
4 2.010000 0 1 0.447284
5 2.010000 0 1 0.548484
6 2.010000 0 1 0.980253
7 2.010000 0 1 1.75949
8 2.010000 0 1 2.87513
9 2.010000 0 1 5.51605
10 2.010000 0 1 9.51625
11 2.010000 0 1 17.2103
12 2.010000 0 1 30.909
13 2.010000 0 1 67.6211
0 2.060000 0 1 0.0685312
1 2.060000 0 1 0.109273
2 2.060000 0 1 0.17796
3 2.060000 0 1 0.274739
4 2.060000 0 1 0.424651
5 2.060000 0 1 0.526156
6 2.060000 0 1 0.948925
7 2.060000 0 1 1.71497
8 2.060000 0 1 2.81019
9 2.060000 0 1 5.39264
10 2.060000 0 1 9.31956
11 2.060000 0 1 16.879
12 2.060000 0 1 30.3099
13 2.060000 0 1 66.2108
0 2.110000 0 1 0.064165
1 2.110000 0 1 0.102586
2 2.110000 0 1 0.167429
3 2.110000 0 1 0.25953
4 2.110000 0 1 0.403317
5 2.110000 0 1 0.504931
6 2.110000 0 1 0.918866
7 2.110000 0 1 1.67195
8 2.110000 0 1 2.74736
9 2.110000 0 1 5.27324
10 2.110000 0 1 9.12913
11 2.110000 0 1 16.5582
12 2.110000 0 1 29.7303
13 2.110000 0 1 64.849
0 2.160000 0 1 0.0600889
1 2.160000 0 1 0.0963335
2 2.160000 0 1 0.157572
3 2.160000 0 1 0.24524
4 2.160000 0 1 0.383196
5 2.160000 0 1 0.484738
6 2.160000 0 1 0.889993
7 2.160000 0 1 1.63032
8 2.160000 0 1 2.68646
9 2.160000 0 1 5.15754
10 2.160000 0 1 8.94444
11 2.160000 0 1 16.247
12 2.160000 0 1 29.1683
13 2.160000 0 1 63.5318
0 2.210000 0 1 0.0562826
1 2.210000 0 1 0.090484
2 2.210000 0 1 0.148342
3 2.210000 0 1 0.231809
4 2.210000 0 1 0.364207
5 2.210000 0 1 0.465511
6 2.210000 0 1 0.862232
7 2.210000 0 1 1.58999
8 2.210000 0 1 2.62737
9 2.210000 0 1 5.04528
10 2.210000 0 1 8.76508
11 2.210000 0 1 15.9447
12 2.210000 0 1 28.6228
13 2.210000 0 1 62.2557
0 2.260000 0 1 0.0527272
1 2.260000 0 1 0.0850097
2 2.260000 0 1 0.139696
3 2.260000 0 1 0.219177
4 2.260000 0 1 0.346276
5 2.260000 0 1 0.447191
6 2.260000 0 1 0.835519
7 2.260000 0 1 1.55087
8 2.260000 0 1 2.56996
9 2.260000 0 1 4.93623
10 2.260000 0 1 8.59068
11 2.260000 0 1 15.6507
12 2.260000 0 1 28.0926
13 2.260000 0 1 61.018
0 2.310000 0 1 0.0494055
1 2.310000 0 1 0.0798849
2 2.310000 0 1 0.131593
3 2.310000 0 1 0.207293
4 2.310000 0 1 0.329336
5 2.310000 0 1 0.429723
6 2.310000 0 1 0.809791
7 2.310000 0 1 1.5129
8 2.310000 0 1 2.51412
9 2.310000 0 1 4.83019
10 2.310000 0 1 8.42093
11 2.310000 0 1 15.3645
12 2.310000 0 1 27.5766
13 2.310000 0 1 59.8161
0 2.360000 0 1 0.0463015
1 2.360000 0 1 0.0750859
2 2.360000 0 1 0.123998
3 2.360000 0 1 0.196109
4 2.360000 0 1 0.313324
5 2.360000 0 1 0.413057
6 2.360000 0 1 0.784993
7 2.360000 0 1 1.476
8 2.360000 0 1 2.45977
9 2.360000 0 1 4.72696
10 2.360000 0 1 8.2555
11 2.360000 0 1 15.0854
12 2.360000 0 1 27.0739
13 2.360000 0 1 58.6476
0 2.410000 0 1 0.0434008
1 2.410000 0 1 0.0705913
2 2.410000 0 1 0.116876
3 2.410000 0 1 0.185579
4 2.410000 0 1 0.298183
5 2.410000 0 1 0.397146
6 2.410000 0 1 0.761076
7 2.410000 0 1 1.44011
8 2.410000 0 1 2.4068
9 2.410000 0 1 4.62637
10 2.410000 0 1 8.09412
11 2.410000 0 1 14.813
12 2.410000 0 1 26.5834
13 2.410000 0 1 57.5102
0 2.460000 0 1 0.0406902
1 2.460000 0 1 0.0663813
2 2.460000 0 1 0.110197
3 2.460000 0 1 0.175665
4 2.460000 0 1 0.283861
5 2.460000 0 1 0.381951
6 2.460000 0 1 0.737995
7 2.460000 0 1 1.40518
8 2.460000 0 1 2.35513
9 2.460000 0 1 4.52825
10 2.460000 0 1 7.93652
11 2.460000 0 1 14.5469
12 2.460000 0 1 26.1045
13 2.460000 0 1 56.4017
0 2.510000 0 1 0.0381573
1 2.510000 0 1 0.0624377
2 2.510000 0 1 0.103933
3 2.510000 0 1 0.166328
4 2.510000 0 1 0.270311
5 2.510000 0 1 0.367432
6 2.510000 0 1 0.715708
7 2.510000 0 1 1.37115
8 2.510000 0 1 2.30469
9 2.510000 0 1 4.43247
10 2.510000 0 1 7.78245
11 2.510000 0 1 14.2865
12 2.510000 0 1 25.6361
13 2.510000 0 1 55.3203
0 2.560000 0 1 0.0357906
1 2.560000 0 1 0.0587434
2 2.560000 0 1 0.0980571
3 2.560000 0 1 0.157535
4 2.560000 0 1 0.257486
5 2.560000 0 1 0.353555
6 2.560000 0 1 0.694179
7 2.560000 0 1 1.33799
8 2.560000 0 1 2.25541
9 2.560000 0 1 4.33889
10 2.560000 0 1 7.63171
11 2.560000 0 1 14.0315
12 2.560000 0 1 25.1778
13 2.560000 0 1 54.2643
0 2.610000 0 1 0.0335791
1 2.610000 0 1 0.0552822
2 2.610000 0 1 0.0925446
3 2.610000 0 1 0.14925
4 2.610000 0 1 0.245346
5 2.610000 0 1 0.340285
6 2.610000 0 1 0.673372
7 2.610000 0 1 1.30565
8 2.610000 0 1 2.20724
9 2.610000 0 1 4.24741
10 2.610000 0 1 7.48413
11 2.610000 0 1 13.7816
12 2.610000 0 1 24.7288
13 2.610000 0 1 53.2322
0 2.660000 0 1 0.0315125
1 2.660000 0 1 0.0520388
2 2.660000 0 1 0.0873716
3 2.660000 0 1 0.141443
4 2.660000 0 1 0.233848
5 2.660000 0 1 0.327589
6 2.660000 0 1 0.653256
7 2.660000 0 1 1.2741
8 2.660000 0 1 2.16013
9 2.660000 0 1 4.15794
10 2.660000 0 1 7.33956
11 2.660000 0 1 13.5366
12 2.660000 0 1 24.2888
13 2.660000 0 1 52.2229
0 2.710000 0 1 0.0295813
1 2.710000 0 1 0.0489989
2 2.710000 0 1 0.0825161
3 2.710000 0 1 0.134085
4 2.710000 0 1 0.222955
5 2.710000 0 1 0.315439
6 2.710000 0 1 0.633798
7 2.710000 0 1 1.24331
8 2.710000 0 1 2.11403
9 2.710000 0 1 4.07038
10 2.710000 0 1 7.19786
11 2.710000 0 1 13.2961
12 2.710000 0 1 23.8572
13 2.710000 0 1 51.2352
0 2.760000 0 1 0.0277767
1 2.760000 0 1 0.0461497
2 2.760000 0 1 0.0779582
3 2.760000 0 1 0.127148
4 2.760000 0 1 0.212633
5 2.760000 0 1 0.303807
6 2.760000 0 1 0.614971
7 2.760000 0 1 1.21325
8 2.760000 0 1 2.0689
9 2.760000 0 1 3.98465
10 2.760000 0 1 7.05888
11 2.760000 0 1 13.0601
12 2.760000 0 1 23.4336
13 2.760000 0 1 50.2679
0 2.810000 0 1 0.0260907
1 2.810000 0 1 0.0434792
2 2.810000 0 1 0.0736793
3 2.810000 0 1 0.120608
4 2.810000 0 1 0.202849
5 2.810000 0 1 0.292665
6 2.810000 0 1 0.596746
7 2.810000 0 1 1.18389
8 2.810000 0 1 2.02469
9 2.810000 0 1 3.90067
10 2.810000 0 1 6.9225
11 2.810000 0 1 12.8281
12 2.810000 0 1 23.0176
13 2.810000 0 1 49.3201
0 2.860000 0 1 0.0245158
1 2.860000 0 1 0.0409765
2 2.860000 0 1 0.0696622
3 2.860000 0 1 0.114442
4 2.860000 0 1 0.193574
5 2.860000 0 1 0.281991
6 2.860000 0 1 0.579099
7 2.860000 0 1 1.15519
8 2.860000 0 1 1.98137
9 2.860000 0 1 3.81836
10 2.860000 0 1 6.78859
11 2.860000 0 1 12.6001
12 2.860000 0 1 22.6088
13 2.860000 0 1 48.3906
0 2.910000 0 1 0.0230448
1 2.910000 0 1 0.0386309
2 2.910000 0 1 0.0658905
3 2.910000 0 1 0.108628
4 2.910000 0 1 0.184779
5 2.910000 0 1 0.271761
6 2.910000 0 1 0.562006
7 2.910000 0 1 1.12714
8 2.910000 0 1 1.9389
9 2.910000 0 1 3.73765
10 2.910000 0 1 6.65704
11 2.910000 0 1 12.3758
12 2.910000 0 1 22.2068
13 2.910000 0 1 47.4786
0 2.960000 0 1 0.0216708
1 2.960000 0 1 0.036432
2 2.960000 0 1 0.0623481
3 2.960000 0 1 0.103143
4 2.960000 0 1 0.176435
5 2.960000 0 1 0.261951
6 2.960000 0 1 0.545442
7 2.960000 0 1 1.09972
8 2.960000 0 1 1.89724
9 2.960000 0 1 3.65849
10 2.960000 0 1 6.52777
11 2.960000 0 1 12.155
12 2.960000 0 1 21.8113
13 2.960000 0 1 46.5834
0 3.010000 0 1 0.020387
1 3.010000 0 1 0.0343698
2 3.010000 0 1 0.0590196
3 3.010000 0 1 0.0979671
4 3.010000 0 1 0.168516
5 3.010000 0 1 0.252541
6 3.010000 0 1 0.529388
7 3.010000 0 1 1.07289
8 3.010000 0 1 1.85639
9 3.010000 0 1 3.58082
10 3.010000 0 1 6.40069
11 3.010000 0 1 11.9377
12 3.010000 0 1 21.4221
13 3.010000 0 1 45.7043
0 3.060000 0 1 0.0191873
1 3.060000 0 1 0.0324349
2 3.060000 0 1 0.0558905
3 3.060000 0 1 0.0930799
4 3.060000 0 1 0.160996
5 3.060000 0 1 0.243511
6 3.060000 0 1 0.513821
7 3.060000 0 1 1.04666
8 3.060000 0 1 1.8163
9 3.060000 0 1 3.50461
10 3.060000 0 1 6.27575
11 3.060000 0 1 11.7237
12 3.060000 0 1 21.039
13 3.060000 0 1 44.8408
0 3.110000 0 1 0.0180662
1 3.110000 0 1 0.0306194
2 3.110000 0 1 0.0529486
3 3.110000 0 1 0.0884648
4 3.110000 0 1 0.153852
5 3.110000 0 1 0.234841
6 3.110000 0 1 0.498726
7 3.110000 0 1 1.021
8 3.110000 0 1 1.77697
9 3.110000 0 1 3.42982
10 3.110000 0 1 6.15292
11 3.110000 0 1 11.513
12 3.110000 0 1 20.6619
13 3.110000 0 1 43.9925
0 3.160000 0 1 0.017019
1 3.160000 0 1 0.0289168
2 3.160000 0 1 0.0501834
3 3.160000 0 1 0.0841083
4 3.160000 0 1 0.147069
5 3.160000 0 1 0.226519
6 3.160000 0 1 0.484088
7 3.160000 0 1 0.995898
8 3.160000 0 1 1.73838
9 3.160000 0 1 3.35643
10 3.160000 0 1 6.03214
11 3.160000 0 1 11.3055
12 3.160000 0 1 20.2907
13 3.160000 0 1 43.1591
0 3.210000 0 1 0.0160417
1 3.210000 0 1 0.0273219
2 3.210000 0 1 0.0475866
3 3.210000 0 1 0.0799994
4 3.210000 0 1 0.140631
5 3.210000 0 1 0.218531
6 3.210000 0 1 0.469896
7 3.210000 0 1 0.971346
8 3.210000 0 1 1.70052
9 3.210000 0 1 3.2844
10 3.210000 0 1 5.91339
11 3.210000 0 1 11.1011
12 3.210000 0 1 19.9252
13 3.210000 0 1 42.3402
0 3.260000 0 1 0.0151308
1 3.260000 0 1 0.0258298
2 3.260000 0 1 0.0451505
3 3.260000 0 1 0.0761284
4 3.260000 0 1 0.134526
5 3.260000 0 1 0.210867
6 3.260000 0 1 0.456138
7 3.260000 0 1 0.94733
8 3.260000 0 1 1.66337
9 3.260000 0 1 3.21372
10 3.260000 0 1 5.7966
11 3.260000 0 1 10.8999
12 3.260000 0 1 19.5653
13 3.260000 0 1 41.5354
0 3.310000 0 1 0.0142827
1 3.310000 0 1 0.0244358
2 3.310000 0 1 0.0428673
3 3.310000 0 1 0.0724848
4 3.310000 0 1 0.128741
5 3.310000 0 1 0.203515
6 3.310000 0 1 0.442803
7 3.310000 0 1 0.923837
8 3.310000 0 1 1.62692
9 3.310000 0 1 3.14433
10 3.310000 0 1 5.68174
11 3.310000 0 1 10.7016
12 3.310000 0 1 19.2108
13 3.310000 0 1 40.7443
0 3.360000 0 1 0.0134935
1 3.360000 0 1 0.0231344
2 3.360000 0 1 0.0407286
3 3.360000 0 1 0.0690571
4 3.360000 0 1 0.12326
5 3.360000 0 1 0.196463
6 3.360000 0 1 0.429877
7 3.360000 0 1 0.900855
8 3.360000 0 1 1.59114
9 3.360000 0 1 3.07622
10 3.360000 0 1 5.56875
11 3.360000 0 1 10.5062
12 3.360000 0 1 18.8616
13 3.360000 0 1 39.9664
0 3.410000 0 1 0.0127593
1 3.410000 0 1 0.0219196
2 3.410000 0 1 0.0387251
3 3.410000 0 1 0.0658326
4 3.410000 0 1 0.118068
5 3.410000 0 1 0.189697
6 3.410000 0 1 0.417345
7 3.410000 0 1 0.878369
8 3.410000 0 1 1.55602
9 3.410000 0 1 3.00935
10 3.410000 0 1 5.45758
11 3.410000 0 1 10.3137
12 3.410000 0 1 18.5175
13 3.410000 0 1 39.2012
0 3.460000 0 1 0.0120761
1 3.460000 0 1 0.0207854
2 3.460000 0 1 0.0368477
3 3.460000 0 1 0.0627982
4 3.460000 0 1 0.113148
5 3.460000 0 1 0.183204
6 3.460000 0 1 0.405193
7 3.460000 0 1 0.856366
8 3.460000 0 1 1.52154
9 3.460000 0 1 2.94367
10 3.460000 0 1 5.34817
11 3.460000 0 1 10.1238
12 3.460000 0 1 18.1783
13 3.460000 0 1 38.4484
0 3.510000 0 1 0.0114401
1 3.510000 0 1 0.019726
2 3.510000 0 1 0.0350877
3 3.510000 0 1 0.0599415
4 3.510000 0 1 0.108483
5 3.510000 0 1 0.176971
6 3.510000 0 1 0.393407
7 3.510000 0 1 0.834831
8 3.510000 0 1 1.48768
9 3.510000 0 1 2.87916
10 3.510000 0 1 5.24048
11 3.510000 0 1 9.93661
12 3.510000 0 1 17.8438
13 3.510000 0 1 37.7075
0 3.560000 0 1 0.0108478
1 3.560000 0 1 0.0187362
2 3.560000 0 1 0.033437
3 3.560000 0 1 0.0572513
4 3.560000 0 1 0.104059
5 3.560000 0 1 0.170987
6 3.560000 0 1 0.381974
7 3.560000 0 1 0.813752
8 3.560000 0 1 1.45443
9 3.560000 0 1 2.81579
10 3.560000 0 1 5.13447
11 3.560000 0 1 9.75199
12 3.560000 0 1 17.514
13 3.560000 0 1 36.9783
0 3.610000 0 1 0.0102963
1 3.610000 0 1 0.0178113
2 3.610000 0 1 0.0318886
3 3.610000 0 1 0.0547173
4 3.610000 0 1 0.099863
5 3.610000 0 1 0.165241
6 3.610000 0 1 0.370881
7 3.610000 0 1 0.793115
8 3.610000 0 1 1.42177
9 3.610000 0 1 2.75353
10 3.610000 0 1 5.0301
11 3.610000 0 1 9.56992
12 3.610000 0 1 17.1889
13 3.610000 0 1 36.2605
0 3.660000 0 1 0.00978252
1 3.660000 0 1 0.016947
2 3.660000 0 1 0.0304358
3 3.660000 0 1 0.0523304
4 3.660000 0 1 0.0958829
5 3.660000 0 1 0.159723
6 3.660000 0 1 0.360119
7 3.660000 0 1 0.772909
8 3.660000 0 1 1.38968
9 3.660000 0 1 2.69237
10 3.660000 0 1 4.92734
11 3.660000 0 1 9.39038
12 3.660000 0 1 16.8683
13 3.660000 0 1 35.5541
0 3.710000 0 1 0.00930387
1 3.710000 0 1 0.0161392
2 3.710000 0 1 0.0290725
3 3.710000 0 1 0.0500815
4 3.710000 0 1 0.0921073
5 3.710000 0 1 0.154424
6 3.710000 0 1 0.349676
7 3.710000 0 1 0.753124
8 3.710000 0 1 1.35816
9 3.710000 0 1 2.63227
10 3.710000 0 1 4.82616
11 3.710000 0 1 9.21336
12 3.710000 0 1 16.5522
13 3.710000 0 1 34.8589
0 3.760000 0 1 0.00885778
1 3.760000 0 1 0.0153841
2 3.760000 0 1 0.0277927
3 3.760000 0 1 0.0479622
4 3.760000 0 1 0.0885249
5 3.760000 0 1 0.149334
6 3.760000 0 1 0.339545
7 3.760000 0 1 0.733752
8 3.760000 0 1 1.32719
9 3.760000 0 1 2.57324
10 3.760000 0 1 4.72656
11 3.760000 0 1 9.03884
12 3.760000 0 1 16.2407
13 3.760000 0 1 34.1747
0 3.810000 0 1 0.00844181
1 3.810000 0 1 0.0146779
2 3.810000 0 1 0.0265907
3 3.810000 0 1 0.0459643
4 3.810000 0 1 0.0851248
5 3.810000 0 1 0.144444
6 3.810000 0 1 0.329714
7 3.810000 0 1 0.71479
8 3.810000 0 1 1.29677
9 3.810000 0 1 2.51527
10 3.810000 0 1 4.62854
11 3.810000 0 1 8.86683
12 3.810000 0 1 15.9336
13 3.810000 0 1 33.5015
0 3.860000 0 1 0.00805367
1 3.860000 0 1 0.0140171
2 3.860000 0 1 0.025461
3 3.860000 0 1 0.0440798
4 3.860000 0 1 0.0818963
5 3.860000 0 1 0.139746
6 3.860000 0 1 0.320177
7 3.860000 0 1 0.696237
8 3.860000 0 1 1.26691
9 3.860000 0 1 2.45836
10 3.860000 0 1 4.5321
11 3.860000 0 1 8.69729
12 3.860000 0 1 15.631
13 3.860000 0 1 32.8392
0 3.910000 0 1 0.00769123
1 3.910000 0 1 0.0133984
2 3.910000 0 1 0.0243987
3 3.910000 0 1 0.0423014
4 3.910000 0 1 0.0788295
5 3.910000 0 1 0.135231
6 3.910000 0 1 0.310926
7 3.910000 0 1 0.678091
8 3.910000 0 1 1.2376
9 3.910000 0 1 2.4025
10 3.910000 0 1 4.43723
11 3.910000 0 1 8.53023
12 3.910000 0 1 15.3329
13 3.910000 0 1 32.1876
0 3.960000 0 1 0.00735257
1 3.960000 0 1 0.0128187
2 3.960000 0 1 0.0233992
3 3.960000 0 1 0.0406221
4 3.960000 0 1 0.0759151
5 3.960000 0 1 0.130892
6 3.960000 0 1 0.301952
7 3.960000 0 1 0.66035
8 3.960000 0 1 1.20885
9 3.960000 0 1 2.34769
10 3.960000 0 1 4.34394
11 3.960000 0 1 8.36561
12 3.960000 0 1 15.0391
13 3.960000 0 1 31.5465
0 4.010000 0 1 0.00703591
1 4.010000 0 1 0.0122755
2 4.010000 0 1 0.0224581
3 4.010000 0 1 0.0390358
4 4.010000 0 1 0.0731445
5 4.010000 0 1 0.12672
6 4.010000 0 1 0.293247
7 4.010000 0 1 0.643012
8 4.010000 0 1 1.18065
9 4.010000 0 1 2.29393
10 4.010000 0 1 4.25221
11 4.010000 0 1 8.20339
12 4.010000 0 1 14.7496
13 4.010000 0 1 30.9158
0 4.060000 0 1 0.00673962
1 4.060000 0 1 0.0117661
2 4.060000 0 1 0.0215716
3 4.060000 0 1 0.0375366
4 4.060000 0 1 0.0705097
5 4.060000 0 1 0.12271
6 4.060000 0 1 0.284804
7 4.060000 0 1 0.626071
8 4.060000 0 1 1.153
9 4.060000 0 1 2.2412
10 4.060000 0 1 4.16205
11 4.060000 0 1 8.04356
12 4.060000 0 1 14.4643
13 4.060000 0 1 30.2952
0 4.110000 0 1 0.00646222
1 4.110000 0 1 0.0112881
2 4.110000 0 1 0.0207361
3 4.110000 0 1 0.0361192
4 4.110000 0 1 0.0680032
5 4.110000 0 1 0.118853
6 4.110000 0 1 0.276614
7 4.110000 0 1 0.609521
8 4.110000 0 1 1.12589
9 4.110000 0 1 2.18948
10 4.110000 0 1 4.07341
11 4.110000 0 1 7.88607
12 4.110000 0 1 14.1833
13 4.110000 0 1 29.6846
0 4.160000 0 1 0.00620233
1 4.160000 0 1 0.0108396
2 4.160000 0 1 0.0199482
3 4.160000 0 1 0.0347784
4 4.160000 0 1 0.065618
5 4.160000 0 1 0.115143
6 4.160000 0 1 0.26867
7 4.160000 0 1 0.593356
8 4.160000 0 1 1.09931
9 4.160000 0 1 2.13878
10 4.160000 0 1 3.98629
11 4.160000 0 1 7.73089
12 4.160000 0 1 13.9063
13 4.160000 0 1 29.0839
0 4.210000 0 1 0.00595864
1 4.210000 0 1 0.0104183
2 4.210000 0 1 0.0192047
3 4.210000 0 1 0.0335095
4 4.210000 0 1 0.0633474
5 4.210000 0 1 0.111575
6 4.210000 0 1 0.260963
7 4.210000 0 1 0.57757
8 4.210000 0 1 1.07327
9 4.210000 0 1 2.08907
10 4.210000 0 1 3.90068
11 4.210000 0 1 7.578
12 4.210000 0 1 13.6335
13 4.210000 0 1 28.4928
0 4.260000 0 1 0.00573001
1 4.260000 0 1 0.0100224
2 4.260000 0 1 0.0185028
3 4.260000 0 1 0.0323083
4 4.260000 0 1 0.0611853
5 4.260000 0 1 0.108143
6 4.260000 0 1 0.25349
7 4.260000 0 1 0.562158
8 4.260000 0 1 1.04775
9 4.260000 0 1 2.04034
10 4.260000 0 1 3.81655
11 4.260000 0 1 7.42738
12 4.260000 0 1 13.3647
13 4.260000 0 1 27.9113
0 4.310000 0 1 0.00551535
1 4.310000 0 1 0.00965037
2 4.310000 0 1 0.01784
3 4.310000 0 1 0.0311708
4 4.310000 0 1 0.0591262
5 4.310000 0 1 0.104841
6 4.310000 0 1 0.246242
7 4.310000 0 1 0.547118
8 4.310000 0 1 1.02275
9 4.310000 0 1 1.99259
10 4.310000 0 1 3.7339
11 4.310000 0 1 7.27903
12 4.310000 0 1 13.0999
13 4.310000 0 1 27.3392
0 4.360000 0 1 0.00531369
1 4.360000 0 1 0.00930055
2 4.360000 0 1 0.0172137
3 4.360000 0 1 0.0300933
4 4.360000 0 1 0.0571649
5 4.360000 0 1 0.101665
6 4.360000 0 1 0.239217
7 4.360000 0 1 0.532446
8 4.360000 0 1 0.998282
9 4.360000 0 1 1.94582
10 4.360000 0 1 3.65274
11 4.360000 0 1 7.13294
12 4.360000 0 1 12.8391
13 4.360000 0 1 26.7766
0 4.410000 0 1 0.00512415
1 4.410000 0 1 0.00897158
2 4.410000 0 1 0.0166219
3 4.410000 0 1 0.0290725
4 4.410000 0 1 0.0552965
5 4.410000 0 1 0.0986106
6 4.410000 0 1 0.232409
7 4.410000 0 1 0.518139
8 4.410000 0 1 0.974332
9 4.410000 0 1 1.90001
10 4.410000 0 1 3.57307
11 4.410000 0 1 6.98912
12 4.410000 0 1 12.5824
13 4.410000 0 1 26.2235
0 4.460000 0 1 0.0049459
1 4.460000 0 1 0.00866214
2 4.460000 0 1 0.0160624
3 4.460000 0 1 0.0281052
4 4.460000 0 1 0.0535167
5 4.460000 0 1 0.0956726
6 4.460000 0 1 0.225811
7 4.460000 0 1 0.504193
8 4.460000 0 1 0.950899
9 4.460000 0 1 1.85517
10 4.460000 0 1 3.49486
11 4.460000 0 1 6.84756
12 4.460000 0 1 12.3297
13 4.460000 0 1 25.6797
0 4.510000 0 1 0.00477812
1 4.510000 0 1 0.00837093
2 4.510000 0 1 0.0155333
3 4.510000 0 1 0.0271883
4 4.510000 0 1 0.0518207
5 4.510000 0 1 0.0928467
6 4.510000 0 1 0.219419
7 4.510000 0 1 0.490603
8 4.510000 0 1 0.927978
9 4.510000 0 1 1.81128
10 4.510000 0 1 3.41812
11 4.510000 0 1 6.70825
12 4.510000 0 1 12.0809
13 4.510000 0 1 25.1451
0 4.560000 0 1 0.00462001
1 4.560000 0 1 0.00809661
2 4.560000 0 1 0.0150324
3 4.560000 0 1 0.0263186
4 4.560000 0 1 0.0502039
5 4.560000 0 1 0.0901281
6 4.560000 0 1 0.213224
7 4.560000 0 1 0.47736
8 4.560000 0 1 0.90556
9 4.560000 0 1 1.76832
10 4.560000 0 1 3.34283
11 4.560000 0 1 6.57117
12 4.560000 0 1 11.8362
13 4.560000 0 1 24.6197
0 4.610000 0 1 0.00447076
1 4.610000 0 1 0.0078378
2 4.610000 0 1 0.0145576
3 4.610000 0 1 0.0254927
4 4.610000 0 1 0.0486613
5 4.610000 0 1 0.0875118
6 4.610000 0 1 0.207218
7 4.610000 0 1 0.464456
8 4.610000 0 1 0.883632
9 4.610000 0 1 1.7263
10 4.610000 0 1 3.26897
11 4.610000 0 1 6.4363
12 4.610000 0 1 11.5953
13 4.610000 0 1 24.1033
0 4.660000 0 1 0.00432953
1 4.660000 0 1 0.00759308
2 4.660000 0 1 0.0141067
3 4.660000 0 1 0.0247071
4 4.660000 0 1 0.047188
5 4.660000 0 1 0.0849928
6 4.660000 0 1 0.201392
7 4.660000 0 1 0.451881
8 4.660000 0 1 0.862183
9 4.660000 0 1 1.68518
10 4.660000 0 1 3.19652
11 4.660000 0 1 6.3036
12 4.660000 0 1 11.3583
13 4.660000 0 1 23.5958
0 4.710000 0 1 0.0041955
1 4.710000 0 1 0.007361
2 4.710000 0 1 0.0136776
3 4.710000 0 1 0.0239583
4 4.710000 0 1 0.0457788
5 4.710000 0 1 0.0825658
6 4.710000 0 1 0.195739
7 4.710000 0 1 0.439627
8 4.710000 0 1 0.841201
9 4.710000 0 1 1.64495
10 4.710000 0 1 3.12545
11 4.710000 0 1 6.17305
12 4.710000 0 1 11.1251
13 4.710000 0 1 23.0971
0 4.760000 0 1 0.00406788
1 4.760000 0 1 0.00714016
2 4.760000 0 1 0.0132681
3 4.760000 0 1 0.0232429
4 4.760000 0 1 0.0444286
5 4.760000 0 1 0.0802261
6 4.760000 0 1 0.19025
7 4.760000 0 1 0.427685
8 4.760000 0 1 0.820678
9 4.760000 0 1 1.6056
10 4.760000 0 1 3.05575
11 4.760000 0 1 6.04463
12 4.760000 0 1 10.8957
13 4.760000 0 1 22.6069
0 4.810000 0 1 0.00394597
1 4.810000 0 1 0.00692927
2 4.810000 0 1 0.0128762
3 4.810000 0 1 0.0225578
4 4.810000 0 1 0.043133
5 4.810000 0 1 0.077969
6 4.810000 0 1 0.184921
7 4.810000 0 1 0.41605
8 4.810000 0 1 0.800606
9 4.810000 0 1 1.56711
10 4.810000 0 1 2.9874
11 4.810000 0 1 5.91832
12 4.810000 0 1 10.67
13 4.810000 0 1 22.1253
0 4.860000 0 1 0.00382915
1 4.860000 0 1 0.00672723
2 4.860000 0 1 0.0125002
3 4.860000 0 1 0.0219003
4 4.860000 0 1 0.0418878
5 4.860000 0 1 0.0757905
6 4.860000 0 1 0.179747
7 4.860000 0 1 0.404718
8 4.860000 0 1 0.780982
9 4.860000 0 1 1.52946
10 4.860000 0 1 2.92039
11 4.860000 0 1 5.7941
12 4.860000 0 1 10.448
13 4.860000 0 1 21.6521
0 4.910000 0 1 0.00371693
1 4.910000 0 1 0.00653314
2 4.910000 0 1 0.0121388
3 4.910000 0 1 0.021268
4 4.910000 0 1 0.0406894
5 4.910000 0 1 0.073687
6 4.910000 0 1 0.174726
7 4.910000 0 1 0.393684
8 4.910000 0 1 0.761805
9 4.910000 0 1 1.49266
10 4.910000 0 1 2.8547
11 4.910000 0 1 5.67196
12 4.910000 0 1 10.2297
13 4.910000 0 1 21.1873
0 0.010000 0 2 371.943
1 0.010000 0 2 557.425
2 0.010000 0 2 860.94
3 0.010000 0 2 1134.04
4 0.010000 0 2 1482.61
5 0.010000 0 2 1377
6 0.010000 0 2 1973.37
7 0.010000 0 2 2968.93
8 0.010000 0 2 4350.28
9 0.010000 0 2 8390.37
10 0.010000 0 2 13465.2
11 0.010000 0 2 23348.5
12 0.010000 0 2 43400.9
13 0.010000 0 2 109908
0 0.060000 0 2 11.744
1 0.060000 0 2 17.6056
2 0.060000 0 2 27.2087
3 0.060000 0 2 35.8934
4 0.060000 0 2 46.9895
5 0.060000 0 2 43.4676
6 0.060000 0 2 61.7489
7 0.060000 0 2 92.3574
8 0.060000 0 2 135.492
9 0.060000 0 2 261.178
10 0.060000 0 2 419.554
11 0.060000 0 2 727.459
12 0.060000 0 2 1350.02
13 0.060000 0 2 3401.21
0 0.110000 0 2 3.94324
1 0.110000 0 2 5.91312
2 0.110000 0 2 9.14403
3 0.110000 0 2 12.0814
4 0.110000 0 2 15.8381
5 0.110000 0 2 14.6022
6 0.110000 0 2 20.5847
7 0.110000 0 2 30.6319
8 0.110000 0 2 44.9942
9 0.110000 0 2 86.6861
10 0.110000 0 2 139.388
11 0.110000 0 2 241.679
12 0.110000 0 2 447.822
13 0.110000 0 2 1122.7
0 0.160000 0 2 2.08957
1 0.160000 0 2 3.13439
2 0.160000 0 2 4.84989
3 0.160000 0 2 6.41811
4 0.160000 0 2 8.42563
5 0.160000 0 2 7.7471
6 0.160000 0 2 10.8482
7 0.160000 0 2 16.0725
8 0.160000 0 2 23.6383
9 0.160000 0 2 45.519
10 0.160000 0 2 73.265
11 0.160000 0 2 127.035
12 0.160000 0 2 235.052
13 0.160000 0 2 586.522
0 0.210000 0 2 1.35168
1 0.210000 0 2 2.0282
2 0.210000 0 2 3.14008
3 0.210000 0 2 4.16227
4 0.210000 0 2 5.47204
5 0.210000 0 2 5.02059
6 0.210000 0 2 6.98979
7 0.210000 0 2 10.3172
8 0.210000 0 2 15.1936
9 0.210000 0 2 29.2436
10 0.210000 0 2 47.1156
11 0.210000 0 2 81.7007
12 0.210000 0 2 150.965
13 0.210000 0 2 375.013
0 0.260000 0 2 0.977127
1 0.260000 0 2 1.46667
2 0.260000 0 2 2.27201
3 0.260000 0 2 3.0167
4 0.260000 0 2 3.9718
5 0.260000 0 2 3.63824
6 0.260000 0 2 5.04031
7 0.260000 0 2 7.4163
8 0.260000 0 2 10.9361
9 0.260000 0 2 21.0396
10 0.260000 0 2 33.9316
11 0.260000 0 2 58.8455
12 0.260000 0 2 108.594
13 0.260000 0 2 268.602
0 0.310000 0 2 0.757742
1 0.310000 0 2 1.13776
2 0.310000 0 2 1.76349
3 0.310000 0 2 2.34556
4 0.310000 0 2 3.09281
5 0.310000 0 2 2.82987
6 0.310000 0 2 3.90416
7 0.310000 0 2 5.72965
8 0.310000 0 2 8.46033
9 0.310000 0 2 16.2698
10 0.310000 0 2 26.2652
11 0.310000 0 2 45.5572
12 0.310000 0 2 83.9698
13 0.310000 0 2 206.838
0 0.360000 0 2 0.616426
1 0.360000 0 2 0.925904
2 0.360000 0 2 1.43592
3 0.360000 0 2 1.91324
4 0.360000 0 2 2.52663
5 0.360000 0 2 2.31026
6 0.360000 0 2 3.17637
7 0.360000 0 2 4.65181
8 0.360000 0 2 6.87823
9 0.360000 0 2 13.2221
10 0.360000 0 2 21.3665
11 0.360000 0 2 37.0675
12 0.360000 0 2 68.2429
13 0.360000 0 2 167.433
0 0.410000 0 2 0.519004
1 0.410000 0 2 0.779859
2 0.410000 0 2 1.21009
3 0.410000 0 2 1.61526
4 0.410000 0 2 2.13644
5 0.410000 0 2 1.953
6 0.410000 0 2 2.67777
7 0.410000 0 2 3.91526
8 0.410000 0 2 5.7972
9 0.410000 0 2 11.1399
10 0.410000 0 2 18.0199
11 0.410000 0 2 31.2686
12 0.410000 0 2 57.504
13 0.410000 0 2 140.547
0 0.460000 0 2 0.44834
1 0.460000 0 2 0.673936
2 0.460000 0 2 1.0463
3 0.460000 0 2 1.3992
4 0.460000 0 2 1.85362
5 0.460000 0 2 1.69471
6 0.460000 0 2 2.31868
7 0.460000 0 2 3.38621
8 0.460000 0 2 5.02092
9 0.460000 0 2 9.64482
10 0.460000 0 2 15.6174
11 0.460000 0 2 27.1064
12 0.460000 0 2 49.7978
13 0.460000 0 2 121.265
0 0.510000 0 2 0.395007
1 0.510000 0 2 0.594001
2 0.510000 0 2 0.922692
3 0.510000 0 2 1.23623
4 0.510000 0 2 1.64037
5 0.510000 0 2 1.50053
6 0.510000 0 2 2.04981
7 0.510000 0 2 2.99125
8 0.510000 0 2 4.44162
9 0.510000 0 2 8.52922
10 0.510000 0 2 13.8251
11 0.510000 0 2 24.0023
12 0.510000 0 2 44.0515
13 0.510000 0 2 106.891
0 0.560000 0 2 0.353437
1 0.560000 0 2 0.531705
2 0.560000 0 2 0.826367
3 0.560000 0 2 1.10928
4 0.560000 0 2 1.47436
5 0.560000 0 2 1.34984
6 0.560000 0 2 1.84212
7 0.560000 0 2 2.68712
8 0.560000 0 2 3.99578
9 0.560000 0 2 7.67073
10 0.560000 0 2 12.4463
11 0.560000 0 2 21.6152
12 0.560000 0 2 39.6329
13 0.560000 0 2 95.8407
0 0.610000 0 2 0.320175
1 0.610000 0 2 0.481871
2 0.610000 0 2 0.749314
3 0.610000 0 2 1.0078
4 0.610000 0 2 1.34174
5 0.610000 0 2 1.22989
6 0.610000 0 2 1.6776
7 0.610000 0 2 2.44706
8 0.610000 0 2 3.6441
9 0.610000 0 2 6.99361
10 0.610000 0 2 11.3593
11 0.610000 0 2 19.7341
12 0.610000 0 2 36.151
13 0.610000 0 2 87.132
0 0.660000 0 2 0.292974
1 0.660000 0 2 0.441125
2 0.660000 0 2 0.686319
3 0.660000 0 2 0.924896
4 0.660000 0 2 1.23348
5 0.660000 0 2 1.13237
6 0.660000 0 2 1.54454
7 0.660000 0 2 2.25367
8 0.660000 0 2 3.36106
9 0.660000 0 2 6.44866
10 0.660000 0 2 10.485
11 0.660000 0 2 18.2219
12 0.660000 0 2 33.3519
13 0.660000 0 2 80.1285
0 0.710000 0 2 0.270303
1 0.710000 0 2 0.407173
2 0.710000 0 2 0.633832
3 0.710000 0 2 0.855875
4 0.710000 0 2 1.14342
5 0.710000 0 2 1.05159
6 0.710000 0 2 1.43499
7 0.710000 0 2 2.09513
8 0.710000 0 2 3.12927
9 0.710000 0 2 6.00244
10 0.710000 0 2 9.7696
11 0.710000 0 2 16.9852
12 0.710000 0 2 31.0627
13 0.710000 0 2 74.3975
0 0.760000 0 2 0.251089
1 0.760000 0 2 0.378407
2 0.760000 0 2 0.589367
3 0.760000 0 2 0.797449
4 0.760000 0 2 1.06727
5 0.760000 0 2 0.983603
6 0.760000 0 2 1.34335
7 0.760000 0 2 1.96315
8 0.760000 0 2 2.93656
9 0.760000 0 2 5.63147
10 0.760000 0 2 9.17537
11 0.760000 0 2 15.9587
12 0.760000 0 2 29.1621
13 0.760000 0 2 69.6362
0 0.810000 0 2 0.234569
1 0.810000 0 2 0.35368
2 0.810000 0 2 0.551148
3 0.810000 0 2 0.747272
4 0.810000 0 2 1.00193
5 0.810000 0 2 0.925554
6 0.810000 0 2 1.26565
7 0.810000 0 2 1.85182
8 0.810000 0 2 2.77423
9 0.810000 0 2 5.31901
10 0.810000 0 2 8.67535
11 0.810000 0 2 15.0956
12 0.810000 0 2 27.5639
13 0.810000 0 2 65.6284
0 0.860000 0 2 0.220182
1 0.860000 0 2 0.332153
2 0.860000 0 2 0.517879
3 0.860000 0 2 0.703627
4 0.860000 0 2 0.945154
5 0.860000 0 2 0.875375
6 0.860000 0 2 1.19898
7 0.860000 0 2 1.75683
8 0.860000 0 2 2.63595
9 0.860000 0 2 5.05287
10 0.860000 0 2 8.24996
11 0.860000 0 2 14.362
12 0.860000 0 2 26.2051
13 0.860000 0 2 62.2171
0 0.910000 0 2 0.20751
1 0.910000 0 2 0.313199
2 0.910000 0 2 0.488589
3 0.910000 0 2 0.665232
4 0.910000 0 2 0.895262
5 0.910000 0 2 0.831518
6 0.910000 0 2 1.14115
7 0.910000 0 2 1.67497
8 0.910000 0 2 2.51701
9 0.910000 0 2 4.82396
10 0.910000 0 2 7.88453
11 0.910000 0 2 13.7324
12 0.910000 0 2 25.0388
13 0.910000 0 2 59.285
0 0.960000 0 2 0.196236
1 0.960000 0 2 0.296341
2 0.960000 0 2 0.46254
3 0.960000 0 2 0.63111
4 0.960000 0 2 0.850968
5 0.960000 0 2 0.7928
6 0.960000 0 2 1.09052
7 0.960000 0 2 1.60377
8 0.960000 0 2 2.41377
9 0.960000 0 2 4.6253
10 0.960000 0 2 7.56786
11 0.960000 0 2 13.1875
12 0.960000 0 2 24.0289
13 0.960000 0 2 56.7424
0 1.010000 0 2 0.186115
1 1.010000 0 2 0.28121
2 1.010000 0 2 0.439163
3 1.010000 0 2 0.600508
4 1.010000 0 2 0.811284
5 1.010000 0 2 0.758306
6 1.010000 0 2 1.04581
7 1.010000 0 2 1.54134
8 1.010000 0 2 2.32345
9 1.010000 0 2 4.45151
10 1.010000 0 2 7.29128
11 1.010000 0 2 12.7121
12 1.010000 0 2 23.1477
13 1.010000 0 2 54.5199
0 1.060000 0 2 0.176954
1 1.060000 0 2 0.26752
2 1.060000 0 2 0.418014
3 1.060000 0 2 0.572837
4 1.060000 0 2 0.775437
5 1.060000 0 2 0.727324
6 1.060000 0 2 1.006
7 1.060000 0 2 1.48618
8 1.060000 0 2 2.24386
9 1.060000 0 2 4.29839
10 1.060000 0 2 7.04801
11 1.060000 0 2 12.2946
12 1.060000 0 2 22.3735
13 1.060000 0 2 52.5634
0 1.110000 0 2 0.168602
1 1.110000 0 2 0.255044
2 1.110000 0 2 0.39874
3 1.110000 0 2 0.54763
4 1.110000 0 2 0.742813
5 1.110000 0 2 0.699287
6 1.110000 0 2 0.970298
7 1.110000 0 2 1.43713
8 1.110000 0 2 2.17326
9 1.110000 0 2 4.1626
10 1.110000 0 2 6.83269
11 1.110000 0 2 11.9256
12 1.110000 0 2 21.689
13 1.110000 0 2 50.8302
0 1.160000 0 2 0.160938
1 1.160000 0 2 0.243597
2 1.160000 0 2 0.381058
3 1.160000 0 2 0.524513
4 1.160000 0 2 0.712919
5 1.160000 0 2 0.673741
6 1.160000 0 2 0.938074
7 1.160000 0 2 1.39324
8 1.160000 0 2 2.11027
9 1.160000 0 2 4.04145
10 1.160000 0 2 6.64099
11 1.160000 0 2 11.5977
12 1.160000 0 2 21.0804
13 1.160000 0 2 49.2857
0 1.210000 0 2 0.153862
1 1.210000 0 2 0.233032
2 1.210000 0 2 0.364739
3 1.210000 0 2 0.50318
4 1.210000 0 2 0.685355
5 1.210000 0 2 0.650313
6 1.210000 0 2 0.908801
7 1.210000 0 2 1.35372
8 1.210000 0 2 2.05373
9 1.210000 0 2 3.93275
10 1.210000 0 2 6.46937
11 1.210000 0 2 11.3047
12 1.210000 0 2 20.5363
13 1.210000 0 2 47.9017
0 1.260000 0 2 0.147294
1 1.260000 0 2 0.223228
2 1.260000 0 2 0.349595
3 1.260000 0 2 0.483386
4 1.260000 0 2 0.659795
5 1.260000 0 2 0.628701
6 1.260000 0 2 0.882047
7 1.260000 0 2 1.31793
8 1.260000 0 2 2.00271
9 1.260000 0 2 3.83466
10 1.260000 0 2 6.3149
11 1.260000 0 2 11.0415
12 1.260000 0 2 20.0474
13 1.260000 0 2 46.6549
0 1.310000 0 2 0.141168
1 1.310000 0 2 0.214086
2 1.310000 0 2 0.335474
3 1.310000 0 2 0.464924
4 1.310000 0 2 0.635969
5 1.310000 0 2 0.608651
6 1.310000 0 2 0.857454
7 1.310000 0 2 1.28535
8 1.310000 0 2 1.95641
9 1.310000 0 2 3.74567
10 1.310000 0 2 6.17509
11 1.310000 0 2 10.8038
12 1.310000 0 2 19.6057
13 1.310000 0 2 45.5256
0 1.360000 0 2 0.135428
1 1.360000 0 2 0.205522
2 1.360000 0 2 0.322246
3 1.360000 0 2 0.447624
4 1.360000 0 2 0.613652
5 1.360000 0 2 0.589952
6 1.360000 0 2 0.83472
7 1.360000 0 2 1.25551
8 1.360000 0 2 1.91416
9 1.360000 0 2 3.66449
10 1.360000 0 2 6.04789
11 1.360000 0 2 10.5881
12 1.360000 0 2 19.2046
13 1.360000 0 2 44.4975
0 1.410000 0 2 0.13003
1 1.410000 0 2 0.197469
2 1.410000 0 2 0.309805
3 1.410000 0 2 0.431346
4 1.410000 0 2 0.592657
5 1.410000 0 2 0.572432
6 1.410000 0 2 0.813601
7 1.410000 0 2 1.22806
8 1.410000 0 2 1.87542
9 1.410000 0 2 3.59009
10 1.410000 0 2 5.93161
11 1.410000 0 2 10.3913
12 1.410000 0 2 18.8386
13 1.410000 0 2 43.5573
0 1.460000 0 2 0.124934
1 1.460000 0 2 0.189868
2 1.460000 0 2 0.298063
3 1.460000 0 2 0.415972
4 1.460000 0 2 0.572834
5 1.460000 0 2 0.55595
6 1.460000 0 2 0.793899
7 1.460000 0 2 1.20271
8 1.460000 0 2 1.83977
9 1.460000 0 2 3.52164
10 1.460000 0 2 5.82494
11 1.460000 0 2 10.2113
12 1.460000 0 2 18.5037
13 1.460000 0 2 42.6945
0 1.510000 0 2 0.12011
1 1.510000 0 2 0.182674
2 1.510000 0 2 0.286947
3 1.510000 0 2 0.401408
4 1.510000 0 2 0.554055
5 1.510000 0 2 0.540389
6 1.510000 0 2 0.775447
7 1.510000 0 2 1.17919
8 1.510000 0 2 1.80684
9 1.510000 0 2 3.45844
10 1.510000 0 2 5.72674
11 1.510000 0 2 10.046
12 1.510000 0 2 18.1961
13 1.510000 0 2 41.9
0 1.560000 0 2 0.11553
1 1.560000 0 2 0.175844
2 1.560000 0 2 0.276394
3 1.560000 0 2 0.38757
4 1.560000 0 2 0.536211
5 1.560000 0 2 0.525645
6 1.560000 0 2 0.758095
7 1.560000 0 2 1.15729
8 1.560000 0 2 1.7763
9 1.560000 0 2 3.39984
10 1.560000 0 2 5.63598
11 1.560000 0 2 9.89371
12 1.560000 0 2 17.9125
13 1.560000 0 2 41.1654
0 1.610000 0 2 0.111173
1 1.610000 0 2 0.169346
2 1.610000 0 2 0.266352
3 1.610000 0 2 0.374387
4 1.610000 0 2 0.519209
5 1.610000 0 2 0.51163
6 1.610000 0 2 0.741713
7 1.610000 0 2 1.13681
8 1.610000 0 2 1.74784
9 1.610000 0 2 3.34527
10 1.610000 0 2 5.55171
11 1.610000 0 2 9.75273
12 1.610000 0 2 17.65
13 1.610000 0 2 40.4836
0 1.660000 0 2 0.107017
1 1.660000 0 2 0.163149
2 1.660000 0 2 0.256774
3 1.660000 0 2 0.361799
4 1.660000 0 2 0.502968
5 1.660000 0 2 0.498266
6 1.660000 0 2 0.726188
7 1.660000 0 2 1.11757
8 1.660000 0 2 1.72122
9 1.660000 0 2 3.29423
10 1.660000 0 2 5.47314
11 1.660000 0 2 9.62167
12 1.660000 0 2 17.4058
13 1.660000 0 2 39.8481
0 1.710000 0 2 0.103047
1 1.710000 0 2 0.157228
2 1.710000 0 2 0.247621
3 1.710000 0 2 0.349753
4 1.710000 0 2 0.48742
5 1.710000 0 2 0.485489
6 1.710000 0 2 0.711426
7 1.710000 0 2 1.09944
8 1.710000 0 2 1.69621
9 1.710000 0 2 3.24631
10 1.710000 0 2 5.39959
11 1.710000 0 2 9.49939
12 1.710000 0 2 17.178
13 1.710000 0 2 39.2537
0 1.760000 0 2 0.0992462
1 1.760000 0 2 0.151561
2 1.760000 0 2 0.238859
3 1.760000 0 2 0.338205
4 1.760000 0 2 0.472505
5 1.760000 0 2 0.473243
6 1.760000 0 2 0.697345
7 1.760000 0 2 1.08228
8 1.760000 0 2 1.67263
9 1.760000 0 2 3.20117
10 1.760000 0 2 5.33052
11 1.760000 0 2 9.3849
12 1.760000 0 2 16.9647
13 1.760000 0 2 38.696
0 1.810000 0 2 0.0956034
1 1.810000 0 2 0.146128
2 1.810000 0 2 0.230457
3 1.810000 0 2 0.327116
4 1.810000 0 2 0.458171
5 1.810000 0 2 0.461479
6 1.810000 0 2 0.683876
7 1.810000 0 2 1.06599
8 1.810000 0 2 1.65033
9 1.810000 0 2 3.15849
10 1.810000 0 2 5.2654
11 1.810000 0 2 9.27732
12 1.810000 0 2 16.7642
13 1.810000 0 2 38.1709
0 1.860000 0 2 0.0921071
1 1.860000 0 2 0.140913
2 1.860000 0 2 0.22239
3 1.860000 0 2 0.316451
4 1.860000 0 2 0.444376
5 1.860000 0 2 0.450155
6 1.860000 0 2 0.670953
7 1.860000 0 2 1.05047
8 1.860000 0 2 1.62915
9 1.860000 0 2 3.11799
10 1.860000 0 2 5.20378
11 1.860000 0 2 9.17584
12 1.860000 0 2 16.5751
13 1.860000 0 2 37.6748
0 1.910000 0 2 0.0887479
1 1.910000 0 2 0.135901
2 1.910000 0 2 0.214637
3 1.910000 0 2 0.306182
4 1.910000 0 2 0.43108
5 1.910000 0 2 0.439235
6 1.910000 0 2 0.658522
7 1.910000 0 2 1.03563
8 1.910000 0 2 1.60897
9 1.910000 0 2 3.0794
10 1.910000 0 2 5.14524
11 1.910000 0 2 9.07972
12 1.910000 0 2 16.3961
13 1.910000 0 2 37.2043
0 1.960000 0 2 0.0855175
1 1.960000 0 2 0.131081
2 1.960000 0 2 0.207178
3 1.960000 0 2 0.296283
4 1.960000 0 2 0.41825
5 1.960000 0 2 0.428686
6 1.960000 0 2 0.646534
7 1.960000 0 2 1.02139
8 1.960000 0 2 1.58966
9 1.960000 0 2 3.04252
10 1.960000 0 2 5.0894
11 1.960000 0 2 8.98833
12 1.960000 0 2 16.2259
13 1.960000 0 2 36.7566
0 2.010000 0 2 0.0824085
1 2.010000 0 2 0.12644
2 2.010000 0 2 0.199995
3 2.010000 0 2 0.286734
4 2.010000 0 2 0.405857
5 2.010000 0 2 0.41848
6 2.010000 0 2 0.634948
7 2.010000 0 2 1.0077
8 2.010000 0 2 1.57113
9 2.010000 0 2 3.00713
10 2.010000 0 2 5.03597
11 2.010000 0 2 8.90111
12 2.010000 0 2 16.0635
13 2.010000 0 2 36.3293
0 2.060000 0 2 0.0794143
1 2.060000 0 2 0.12197
2 2.060000 0 2 0.193074
3 2.060000 0 2 0.277514
4 2.060000 0 2 0.393877
5 2.060000 0 2 0.408595
6 2.060000 0 2 0.623728
7 2.060000 0 2 0.994488
8 2.060000 0 2 1.55329
9 2.060000 0 2 2.9731
10 2.060000 0 2 4.98468
11 2.060000 0 2 8.81762
12 2.060000 0 2 15.9081
13 2.060000 0 2 35.9203
0 2.110000 0 2 0.0765288
1 2.110000 0 2 0.117661
2 2.110000 0 2 0.1864
3 2.110000 0 2 0.268604
4 2.110000 0 2 0.382285
5 2.110000 0 2 0.399009
6 2.110000 0 2 0.612846
7 2.110000 0 2 0.981715
8 2.110000 0 2 1.53608
9 2.110000 0 2 2.94028
10 2.110000 0 2 4.93532
11 2.110000 0 2 8.73751
12 2.110000 0 2 15.7591
13 2.110000 0 2 35.5279
0 2.160000 0 2 0.0737466
1 2.160000 0 2 0.113505
2 2.160000 0 2 0.179961
3 2.160000 0 2 0.25999
4 2.160000 0 2 0.371061
5 2.160000 0 2 0.389705
6 2.160000 0 2 0.602276
7 2.160000 0 2 0.969341
8 2.160000 0 2 1.51945
9 2.160000 0 2 2.90857
10 2.160000 0 2 4.88772
11 2.160000 0 2 8.66045
12 2.160000 0 2 15.6158
13 2.160000 0 2 35.1507
0 2.210000 0 2 0.0710626
1 2.210000 0 2 0.109494
2 2.210000 0 2 0.173745
3 2.210000 0 2 0.251657
4 2.210000 0 2 0.360188
5 2.210000 0 2 0.380666
6 2.210000 0 2 0.591993
7 2.210000 0 2 0.957332
8 2.210000 0 2 1.50333
9 2.210000 0 2 2.87787
10 2.210000 0 2 4.84172
11 2.210000 0 2 8.58617
12 2.210000 0 2 15.4778
13 2.210000 0 2 34.7873
0 2.260000 0 2 0.0684727
1 2.260000 0 2 0.105622
2 2.260000 0 2 0.167743
3 2.260000 0 2 0.243593
4 2.260000 0 2 0.349649
5 2.260000 0 2 0.371878
6 2.260000 0 2 0.581979
7 2.260000 0 2 0.945651
8 2.260000 0 2 1.48768
9 2.260000 0 2 2.84808
10 2.260000 0 2 4.79715
11 2.260000 0 2 8.51439
12 2.260000 0 2 15.3445
13 2.260000 0 2 34.4365
0 2.310000 0 2 0.0659728
1 2.310000 0 2 0.101883
2 2.310000 0 2 0.161946
3 2.310000 0 2 0.235785
4 2.310000 0 2 0.339429
5 2.310000 0 2 0.363328
6 2.310000 0 2 0.572212
7 2.310000 0 2 0.934269
8 2.310000 0 2 1.47245
9 2.310000 0 2 2.8191
10 2.310000 0 2 4.75386
11 2.310000 0 2 8.44484
12 2.310000 0 2 15.2155
13 2.310000 0 2 34.0971
0 2.360000 0 2 0.0635595
1 2.360000 0 2 0.0982725
2 2.360000 0 2 0.156345
3 2.360000 0 2 0.228225
4 2.360000 0 2 0.329516
5 2.360000 0 2 0.355005
6 2.360000 0 2 0.562676
7 2.360000 0 2 0.923157
8 2.360000 0 2 1.45759
9 2.360000 0 2 2.79085
10 2.360000 0 2 4.71172
11 2.360000 0 2 8.37727
12 2.360000 0 2 15.0902
13 2.360000 0 2 33.7679
0 2.410000 0 2 0.0612293
1 2.410000 0 2 0.0947844
2 2.410000 0 2 0.150932
3 2.410000 0 2 0.220902
4 2.410000 0 2 0.319898
5 2.410000 0 2 0.346897
6 2.410000 0 2 0.553357
7 2.410000 0 2 0.912293
8 2.410000 0 2 1.44308
9 2.410000 0 2 2.76328
10 2.410000 0 2 4.67062
11 2.410000 0 2 8.31151
12 2.410000 0 2 14.9684
13 2.410000 0 2 33.4481
0 2.460000 0 2 0.0589793
1 2.460000 0 2 0.0914147
2 2.460000 0 2 0.145702
3 2.460000 0 2 0.213808
4 2.460000 0 2 0.310564
5 2.460000 0 2 0.338997
6 2.460000 0 2 0.544241
7 2.460000 0 2 0.901654
8 2.460000 0 2 1.42888
9 2.460000 0 2 2.73631
10 2.460000 0 2 4.63045
11 2.460000 0 2 8.24737
12 2.460000 0 2 14.8497
13 2.460000 0 2 33.1369
0 2.510000 0 2 0.0568066
1 2.510000 0 2 0.0881589
2 2.510000 0 2 0.140646
3 2.510000 0 2 0.206936
4 2.510000 0 2 0.301504
5 2.510000 0 2 0.331296
6 2.510000 0 2 0.535318
7 2.510000 0 2 0.891223
8 2.510000 0 2 1.41496
9 2.510000 0 2 2.70989
10 2.510000 0 2 4.59114
11 2.510000 0 2 8.18469
12 2.510000 0 2 14.7337
13 2.510000 0 2 32.8335
0 2.560000 0 2 0.0547085
1 2.560000 0 2 0.0850132
2 2.560000 0 2 0.13576
3 2.560000 0 2 0.200276
4 2.560000 0 2 0.292709
5 2.560000 0 2 0.323786
6 2.560000 0 2 0.526575
7 2.560000 0 2 0.880979
8 2.560000 0 2 1.4013
9 2.560000 0 2 2.68395
10 2.560000 0 2 4.55256
11 2.560000 0 2 8.12328
12 2.560000 0 2 14.6203
13 2.560000 0 2 32.5371
0 2.610000 0 2 0.0526826
1 2.610000 0 2 0.0819739
2 2.610000 0 2 0.131037
3 2.610000 0 2 0.193824
4 2.610000 0 2 0.28417
5 2.610000 0 2 0.316458
6 2.610000 0 2 0.518
7 2.610000 0 2 0.870899
8 2.610000 0 2 1.38784
9 2.610000 0 2 2.65844
10 2.610000 0 2 4.51462
11 2.610000 0 2 8.06295
12 2.610000 0 2 14.5089
13 2.610000 0 2 32.2468
0 2.660000 0 2 0.0507266
1 2.660000 0 2 0.0790375
2 2.660000 0 2 0.126472
3 2.660000 0 2 0.187571
4 2.660000 0 2 0.275878
5 2.660000 0 2 0.309306
6 2.660000 0 2 0.509582
7 2.660000 0 2 0.860965
8 2.660000 0 2 1.37458
9 2.660000 0 2 2.63329
10 2.660000 0 2 4.4772
11 2.660000 0 2 8.0035
12 2.660000 0 2 14.3993
13 2.660000 0 2 31.9618
0 2.710000 0 2 0.0488382
1 2.710000 0 2 0.0762006
2 2.710000 0 2 0.12206
3 2.710000 0 2 0.181513
4 2.710000 0 2 0.267825
5 2.710000 0 2 0.302323
6 2.710000 0 2 0.501311
7 2.710000 0 2 0.85116
8 2.710000 0 2 1.36147
9 2.710000 0 2 2.60845
10 2.710000 0 2 4.44023
11 2.710000 0 2 7.94478
12 2.710000 0 2 14.2912
13 2.710000 0 2 31.6814
0 2.760000 0 2 0.0470152
1 2.760000 0 2 0.0734602
2 2.760000 0 2 0.117796
3 2.760000 0 2 0.175642
4 2.760000 0 2 0.260004
5 2.760000 0 2 0.295504
6 2.760000 0 2 0.493182
7 2.760000 0 2 0.841472
8 2.760000 0 2 1.3485
9 2.760000 0 2 2.58388
10 2.760000 0 2 4.40364
11 2.760000 0 2 7.88668
12 2.760000 0 2 14.1843
13 2.760000 0 2 31.4052
0 2.810000 0 2 0.0452557
1 2.810000 0 2 0.070813
2 2.810000 0 2 0.113676
3 2.810000 0 2 0.169954
4 2.810000 0 2 0.25241
5 2.810000 0 2 0.288844
6 2.810000 0 2 0.485188
7 2.810000 0 2 0.831894
8 2.810000 0 2 1.33566
9 2.810000 0 2 2.55957
10 2.810000 0 2 4.3674
11 2.810000 0 2 7.82914
12 2.810000 0 2 14.0786
13 2.810000 0 2 31.1329
0 2.860000 0 2 0.0435576
1 2.860000 0 2 0.0682563
2 2.860000 0 2 0.109694
3 2.860000 0 2 0.164443
4 2.860000 0 2 0.245035
5 2.860000 0 2 0.282339
6 2.860000 0 2 0.477326
7 2.860000 0 2 0.822422
8 2.860000 0 2 1.32295
9 2.860000 0 2 2.5355
10 2.860000 0 2 4.33148
11 2.860000 0 2 7.77214
12 2.860000 0 2 13.974
13 2.860000 0 2 30.8641
0 2.910000 0 2 0.0419189
1 2.910000 0 2 0.065787
2 2.910000 0 2 0.105847
3 2.910000 0 2 0.159104
4 2.910000 0 2 0.237873
5 2.910000 0 2 0.275985
6 2.910000 0 2 0.469593
7 2.910000 0 2 0.813051
8 2.910000 0 2 1.31035
9 2.910000 0 2 2.51166
10 2.910000 0 2 4.29588
11 2.910000 0 2 7.71562
12 2.910000 0 2 13.8703
13 2.910000 0 2 30.5988
0 2.960000 0 2 0.0403376
1 2.960000 0 2 0.0634023
2 2.960000 0 2 0.10213
3 2.960000 0 2 0.153931
4 2.960000 0 2 0.230918
5 2.960000 0 2 0.269778
6 2.960000 0 2 0.461984
7 2.960000 0 2 0.803774
8 2.960000 0 2 1.29786
9 2.960000 0 2 2.48803
10 2.960000 0 2 4.26055
11 2.960000 0 2 7.65955
12 2.960000 0 2 13.7676
13 2.960000 0 2 30.3367
0 3.010000 0 2 0.038812
1 3.010000 0 2 0.0610995
2 3.010000 0 2 0.0985388
3 3.010000 0 2 0.148921
4 3.010000 0 2 0.224165
5 3.010000 0 2 0.263714
6 3.010000 0 2 0.454495
7 3.010000 0 2 0.794586
8 3.010000 0 2 1.28547
9 3.010000 0 2 2.46459
10 3.010000 0 2 4.22549
11 3.010000 0 2 7.60388
12 3.010000 0 2 13.6658
13 3.010000 0 2 30.0775
0 3.060000 0 2 0.0373403
1 3.060000 0 2 0.058876
2 3.060000 0 2 0.0950695
3 3.060000 0 2 0.144067
4 3.060000 0 2 0.217606
5 3.060000 0 2 0.257789
6 3.060000 0 2 0.447122
7 3.060000 0 2 0.785481
8 3.060000 0 2 1.27317
9 3.060000 0 2 2.44133
10 3.060000 0 2 4.19064
11 3.060000 0 2 7.54854
12 3.060000 0 2 13.5646
13 3.060000 0 2 29.821
0 3.110000 0 2 0.035921
1 3.110000 0 2 0.0567296
2 3.110000 0 2 0.0917187
3 3.110000 0 2 0.139367
4 3.110000 0 2 0.211238
5 3.110000 0 2 0.252
6 3.110000 0 2 0.439862
7 3.110000 0 2 0.776451
8 3.110000 0 2 1.26094
9 3.110000 0 2 2.41822
10 3.110000 0 2 4.15598
11 3.110000 0 2 7.49347
12 3.110000 0 2 13.4641
13 3.110000 0 2 29.5668
0 3.160000 0 2 0.0345525
1 3.160000 0 2 0.054658
2 3.160000 0 2 0.0884831
3 3.160000 0 2 0.134815
4 3.160000 0 2 0.205056
5 3.160000 0 2 0.246342
6 3.160000 0 2 0.432709
7 3.160000 0 2 0.76749
8 3.160000 0 2 1.24879
9 3.160000 0 2 2.39524
10 3.160000 0 2 4.12146
11 3.160000 0 2 7.43858
12 3.160000 0 2 13.3639
13 3.160000 0 2 29.3146
0 3.210000 0 2 0.0332334
1 3.210000 0 2 0.0526591
2 3.210000 0 2 0.0853594
3 3.210000 0 2 0.130409
4 3.210000 0 2 0.199055
5 3.210000 0 2 0.240815
6 3.210000 0 2 0.425663
7 3.210000 0 2 0.758595
8 3.210000 0 2 1.23669
9 3.210000 0 2 2.37238
10 3.210000 0 2 4.08705
11 3.210000 0 2 7.38382
12 3.210000 0 2 13.2642
13 3.210000 0 2 29.0642
0 3.260000 0 2 0.0319624
1 3.260000 0 2 0.050731
2 3.260000 0 2 0.0823445
3 3.260000 0 2 0.126145
4 3.260000 0 2 0.193231
5 3.260000 0 2 0.235414
6 3.260000 0 2 0.41872
7 3.260000 0 2 0.74976
8 3.260000 0 2 1.22464
9 3.260000 0 2 2.34962
10 3.260000 0 2 4.05273
11 3.260000 0 2 7.32914
12 3.260000 0 2 13.1646
13 3.260000 0 2 28.8153
0 3.310000 0 2 0.030738
1 3.310000 0 2 0.0488716
2 3.310000 0 2 0.0794351
3 3.310000 0 2 0.122018
4 3.310000 0 2 0.18758
5 3.310000 0 2 0.230137
6 3.310000 0 2 0.411879
7 3.310000 0 2 0.740983
8 3.310000 0 2 1.21265
9 3.310000 0 2 2.32694
10 3.310000 0 2 4.01848
11 3.310000 0 2 7.27451
12 3.310000 0 2 13.0652
13 3.310000 0 2 28.5677
0 3.360000 0 2 0.0295588
1 3.360000 0 2 0.0470785
2 3.360000 0 2 0.0766281
3 3.360000 0 2 0.118026
4 3.360000 0 2 0.182096
5 3.360000 0 2 0.224982
6 3.360000 0 2 0.405137
7 3.360000 0 2 0.732263
8 3.360000 0 2 1.20069
9 3.360000 0 2 2.30436
10 3.360000 0 2 3.9843
11 3.360000 0 2 7.21991
12 3.360000 0 2 12.966
13 3.360000 0 2 28.3215
0 3.410000 0 2 0.0284231
1 3.410000 0 2 0.0453498
2 3.410000 0 2 0.0739199
3 3.410000 0 2 0.114163
4 3.410000 0 2 0.176776
5 3.410000 0 2 0.219945
6 3.410000 0 2 0.398494
7 3.410000 0 2 0.723599
8 3.410000 0 2 1.18879
9 3.410000 0 2 2.28186
10 3.410000 0 2 3.95018
11 3.410000 0 2 7.16535
12 3.410000 0 2 12.867
13 3.410000 0 2 28.0764
0 3.460000 0 2 0.0273296
1 3.460000 0 2 0.043683
2 3.460000 0 2 0.0713073
3 3.460000 0 2 0.110426
4 3.460000 0 2 0.171614
5 3.460000 0 2 0.215024
6 3.460000 0 2 0.391947
7 3.460000 0 2 0.714992
8 3.460000 0 2 1.17692
9 3.460000 0 2 2.25945
10 3.460000 0 2 3.91613
11 3.460000 0 2 7.11083
12 3.460000 0 2 12.7681
13 3.460000 0 2 27.8327
0 3.510000 0 2 0.0262767
1 3.510000 0 2 0.0420762
2 3.510000 0 2 0.068787
3 3.510000 0 2 0.10681
4 3.510000 0 2 0.166605
5 3.510000 0 2 0.210217
6 3.510000 0 2 0.385496
7 3.510000 0 2 0.706441
8 3.510000 0 2 1.16511
9 3.510000 0 2 2.23713
10 3.510000 0 2 3.88215
11 3.510000 0 2 7.05636
12 3.510000 0 2 12.6694
13 3.510000 0 2 27.5901
0 3.560000 0 2 0.025263
1 3.560000 0 2 0.0405272
2 3.560000 0 2 0.0663557
3 3.560000 0 2 0.103313
4 3.560000 0 2 0.161746
5 3.560000 0 2 0.205519
6 3.560000 0 2 0.379138
7 3.560000 0 2 0.697944
8 3.560000 0 2 1.15334
9 3.560000 0 2 2.21489
10 3.560000 0 2 3.84824
11 3.560000 0 2 7.00193
12 3.560000 0 2 12.5708
13 3.560000 0 2 27.3487
0 3.610000 0 2 0.0242872
1 3.610000 0 2 0.0390341
2 3.610000 0 2 0.0640106
3 3.610000 0 2 0.0999302
4 3.610000 0 2 0.15703
5 3.610000 0 2 0.200929
6 3.610000 0 2 0.372871
7 3.610000 0 2 0.6895
8 3.610000 0 2 1.14161
9 3.610000 0 2 2.19274
10 3.610000 0 2 3.8144
11 3.610000 0 2 6.94753
12 3.610000 0 2 12.4724
13 3.610000 0 2 27.1085
0 3.660000 0 2 0.0233481
1 3.660000 0 2 0.037595
2 3.660000 0 2 0.0617488
3 3.660000 0 2 0.096658
4 3.660000 0 2 0.152456
5 3.660000 0 2 0.196443
6 3.660000 0 2 0.366694
7 3.660000 0 2 0.681108
8 3.660000 0 2 1.12992
9 3.660000 0 2 2.17066
10 3.660000 0 2 3.78061
11 3.660000 0 2 6.89315
12 3.660000 0 2 12.374
13 3.660000 0 2 26.8692
0 3.710000 0 2 0.0224445
1 3.710000 0 2 0.0362083
2 3.710000 0 2 0.0595676
3 3.710000 0 2 0.0934932
4 3.710000 0 2 0.148017
5 3.710000 0 2 0.19206
6 3.710000 0 2 0.360605
7 3.710000 0 2 0.672766
8 3.710000 0 2 1.11828
9 3.710000 0 2 2.14866
10 3.710000 0 2 3.74686
11 3.710000 0 2 6.83878
12 3.710000 0 2 12.2758
13 3.710000 0 2 26.6309
0 3.760000 0 2 0.0215752
1 3.760000 0 2 0.0348721
2 3.760000 0 2 0.0574645
3 3.760000 0 2 0.0904329
4 3.760000 0 2 0.143711
5 3.760000 0 2 0.187776
6 3.760000 0 2 0.354601
7 3.760000 0 2 0.664472
8 3.760000 0 2 1.10666
9 3.760000 0 2 2.12672
10 3.760000 0 2 3.71316
11 3.760000 0 2 6.78438
12 3.760000 0 2 12.1776
13 3.760000 0 2 26.3934
0 3.810000 0 2 0.0207391
1 3.810000 0 2 0.0335851
2 3.810000 0 2 0.055437
3 3.810000 0 2 0.0874741
4 3.810000 0 2 0.139534
5 3.810000 0 2 0.18359
6 3.810000 0 2 0.348683
7 3.810000 0 2 0.656227
8 3.810000 0 2 1.09508
9 3.810000 0 2 2.10485
10 3.810000 0 2 3.67948
11 3.810000 0 2 6.72995
12 3.810000 0 2 12.0794
13 3.810000 0 2 26.1566
0 3.860000 0 2 0.0199351
1 3.860000 0 2 0.0323455
2 3.860000 0 2 0.0534829
3 3.860000 0 2 0.0846138
4 3.860000 0 2 0.135483
5 3.860000 0 2 0.1795
6 3.860000 0 2 0.342848
7 3.860000 0 2 0.648029
8 3.860000 0 2 1.08354
9 3.860000 0 2 2.08303
10 3.860000 0 2 3.64582
11 3.860000 0 2 6.67547
12 3.860000 0 2 11.9811
13 3.860000 0 2 25.9205
0 3.910000 0 2 0.0191624
1 3.910000 0 2 0.031152
2 3.910000 0 2 0.0515997
3 3.910000 0 2 0.0818494
4 3.910000 0 2 0.131555
5 3.910000 0 2 0.175503
6 3.910000 0 2 0.337096
7 3.910000 0 2 0.639878
8 3.910000 0 2 1.07203
9 3.910000 0 2 2.06128
10 3.910000 0 2 3.61219
11 3.910000 0 2 6.62094
12 3.910000 0 2 11.8828
13 3.910000 0 2 25.6851
0 3.960000 0 2 0.0184197
1 3.960000 0 2 0.030003
2 3.960000 0 2 0.0497852
3 3.960000 0 2 0.0791779
4 3.960000 0 2 0.127745
5 3.960000 0 2 0.171599
6 3.960000 0 2 0.331427
7 3.960000 0 2 0.631774
8 3.960000 0 2 1.06055
9 3.960000 0 2 2.03959
10 3.960000 0 2 3.57857
11 3.960000 0 2 6.56633
12 3.960000 0 2 11.7845
13 3.960000 0 2 25.4502
0 4.010000 0 2 0.0177061
1 4.010000 0 2 0.0288971
2 4.010000 0 2 0.0480372
3 4.010000 0 2 0.0765967
4 4.010000 0 2 0.124052
5 4.010000 0 2 0.167784
6 4.010000 0 2 0.325839
7 4.010000 0 2 0.623719
8 4.010000 0 2 1.0491
9 4.010000 0 2 2.01795
10 4.010000 0 2 3.54497
11 4.010000 0 2 6.51166
12 4.010000 0 2 11.6861
13 4.010000 0 2 25.2159
0 4.060000 0 2 0.0170206
1 4.060000 0 2 0.0278327
2 4.060000 0 2 0.0463534
3 4.060000 0 2 0.0741028
4 4.060000 0 2 0.120471
5 4.060000 0 2 0.164058
6 4.060000 0 2 0.320331
7 4.060000 0 2 0.615711
8 4.060000 0 2 1.03768
9 4.060000 0 2 1.99637
10 4.060000 0 2 3.51139
11 4.060000 0 2 6.45692
12 4.060000 0 2 11.5876
13 4.060000 0 2 24.982
0 4.110000 0 2 0.0163622
1 4.110000 0 2 0.0268085
2 4.110000 0 2 0.0447315
3 4.110000 0 2 0.0716937
4 4.110000 0 2 0.116999
5 4.110000 0 2 0.160417
6 4.110000 0 2 0.314902
7 4.110000 0 2 0.607751
8 4.110000 0 2 1.0263
9 4.110000 0 2 1.97486
10 4.110000 0 2 3.47783
11 4.110000 0 2 6.40212
12 4.110000 0 2 11.4891
13 4.110000 0 2 24.7488
0 4.160000 0 2 0.0157299
1 4.160000 0 2 0.025823
2 4.160000 0 2 0.0431695
3 4.160000 0 2 0.0693665
4 4.160000 0 2 0.113634
5 4.160000 0 2 0.15686
6 4.160000 0 2 0.309551
7 4.160000 0 2 0.599839
8 4.160000 0 2 1.01496
9 4.160000 0 2 1.9534
10 4.160000 0 2 3.44429
11 4.160000 0 2 6.34725
12 4.160000 0 2 11.3904
13 4.160000 0 2 24.516
0 4.210000 0 2 0.0151228
1 4.210000 0 2 0.0248749
2 4.210000 0 2 0.0416653
3 4.210000 0 2 0.0671186
4 4.210000 0 2 0.110371
5 4.210000 0 2 0.153385
6 4.210000 0 2 0.304278
7 4.210000 0 2 0.591977
8 4.210000 0 2 1.00365
9 4.210000 0 2 1.93202
10 4.210000 0 2 3.41079
11 4.210000 0 2 6.29233
12 4.210000 0 2 11.2918
13 4.210000 0 2 24.2838
0 4.260000 0 2 0.0145401
1 4.260000 0 2 0.0239629
2 4.260000 0 2 0.0402168
3 4.260000 0 2 0.0649475
4 4.260000 0 2 0.107208
5 4.260000 0 2 0.14999
6 4.260000 0 2 0.299081
7 4.260000 0 2 0.584164
8 4.260000 0 2 0.992372
9 4.260000 0 2 1.91069
10 4.260000 0 2 3.37731
11 4.260000 0 2 6.23736
12 4.260000 0 2 11.1931
13 4.260000 0 2 24.0521
0 4.310000 0 2 0.0139807
1 4.310000 0 2 0.0230856
2 4.310000 0 2 0.0388221
3 4.310000 0 2 0.0628508
4 4.310000 0 2 0.104141
5 4.310000 0 2 0.146673
6 4.310000 0 2 0.29396
7 4.310000 0 2 0.576402
8 4.310000 0 2 0.981138
9 4.310000 0 2 1.88944
10 4.310000 0 2 3.34387
11 4.310000 0 2 6.18236
12 4.310000 0 2 11.0944
13 4.310000 0 2 23.8209
0 4.360000 0 2 0.0134438
1 4.360000 0 2 0.0222419
2 4.360000 0 2 0.0374793
3 4.360000 0 2 0.060826
4 4.360000 0 2 0.101169
5 4.360000 0 2 0.143433
6 4.360000 0 2 0.288914
7 4.360000 0 2 0.568693
8 4.360000 0 2 0.969946
9 4.360000 0 2 1.86827
10 4.360000 0 2 3.31049
11 4.360000 0 2 6.12734
12 4.360000 0 2 10.9957
13 4.360000 0 2 23.5904
0 4.410000 0 2 0.0129286
1 4.410000 0 2 0.0214305
2 4.410000 0 2 0.0361863
3 4.410000 0 2 0.0588706
4 4.410000 0 2 0.0982879
5 4.410000 0 2 0.140268
6 4.410000 0 2 0.283943
7 4.410000 0 2 0.561036
8 4.410000 0 2 0.958797
9 4.410000 0 2 1.84717
10 4.410000 0 2 3.27715
11 4.410000 0 2 6.07231
12 4.410000 0 2 10.897
13 4.410000 0 2 23.3605
0 4.460000 0 2 0.0124342
1 4.460000 0 2 0.0206501
2 4.460000 0 2 0.0349414
3 4.460000 0 2 0.0569822
4 4.460000 0 2 0.0954947
5 4.460000 0 2 0.137175
6 4.460000 0 2 0.279045
7 4.460000 0 2 0.553432
8 4.460000 0 2 0.947693
9 4.460000 0 2 1.82616
10 4.460000 0 2 3.24388
11 4.460000 0 2 6.01728
12 4.460000 0 2 10.7983
13 4.460000 0 2 23.1313
0 4.510000 0 2 0.0119598
1 4.510000 0 2 0.0198994
2 4.510000 0 2 0.0337427
3 4.510000 0 2 0.0551582
4 4.510000 0 2 0.0927864
5 4.510000 0 2 0.134153
6 4.510000 0 2 0.27422
7 4.510000 0 2 0.545884
8 4.510000 0 2 0.936637
9 4.510000 0 2 1.80523
10 4.510000 0 2 3.21067
11 4.510000 0 2 5.96227
12 4.510000 0 2 10.6997
13 4.510000 0 2 22.9028
0 4.560000 0 2 0.0115045
1 4.560000 0 2 0.0191774
2 4.560000 0 2 0.0325882
3 4.560000 0 2 0.0533964
4 4.560000 0 2 0.0901601
5 4.560000 0 2 0.1312
6 4.560000 0 2 0.269466
7 4.560000 0 2 0.53839
8 4.560000 0 2 0.925629
9 4.560000 0 2 1.78439
10 4.560000 0 2 3.17753
11 4.560000 0 2 5.90728
12 4.560000 0 2 10.6012
13 4.560000 0 2 22.6749
0 4.610000 0 2 0.0110677
1 4.610000 0 2 0.0184828
2 4.610000 0 2 0.0314763
3 4.610000 0 2 0.0516945
4 4.610000 0 2 0.0876132
5 4.610000 0 2 0.128315
6 4.610000 0 2 0.264782
7 4.610000 0 2 0.530951
8 4.610000 0 2 0.91467
9 4.610000 0 2 1.76364
10 4.610000 0 2 3.14447
11 4.610000 0 2 5.85232
12 4.610000 0 2 10.5028
13 4.610000 0 2 22.4478
0 4.660000 0 2 0.0106486
1 4.660000 0 2 0.0178146
2 4.660000 0 2 0.0304055
3 4.660000 0 2 0.0500504
4 4.660000 0 2 0.0851433
5 4.660000 0 2 0.125495
6 4.660000 0 2 0.260168
7 4.660000 0 2 0.523568
8 4.660000 0 2 0.903762
9 4.660000 0 2 1.74298
10 4.660000 0 2 3.11149
11 4.660000 0 2 5.7974
12 4.660000 0 2 10.4045
13 4.660000 0 2 22.2214
0 4.710000 0 2 0.0102466
1 4.710000 0 2 0.0171722
2 4.710000 0 2 0.0293745
3 4.710000 0 2 0.0484627
4 4.710000 0 2 0.0827484
5 4.710000 0 2 0.122739
6 4.710000 0 2 0.255623
7 4.710000 0 2 0.516242
8 4.710000 0 2 0.892906
9 4.710000 0 2 1.72241
10 4.710000 0 2 3.07859
11 4.710000 0 2 5.74252
12 4.710000 0 2 10.3063
13 4.710000 0 2 21.9958
0 4.760000 0 2 0.00986116
1 4.760000 0 2 0.0165547
2 4.760000 0 2 0.0283822
3 4.760000 0 2 0.0469301
4 4.760000 0 2 0.080427
5 4.760000 0 2 0.120047
6 4.760000 0 2 0.251147
7 4.760000 0 2 0.508973
8 4.760000 0 2 0.882102
9 4.760000 0 2 1.70194
10 4.760000 0 2 3.04578
11 4.760000 0 2 5.68768
12 4.760000 0 2 10.2082
13 4.760000 0 2 21.7709
0 4.810000 0 2 0.00949193
1 4.810000 0 2 0.0159617
2 4.810000 0 2 0.0274278
3 4.810000 0 2 0.0454515
4 4.810000 0 2 0.0781781
5 4.810000 0 2 0.117417
6 4.810000 0 2 0.246739
7 4.810000 0 2 0.501761
8 4.810000 0 2 0.871353
9 4.810000 0 2 1.68157
10 4.810000 0 2 3.01306
11 4.810000 0 2 5.6329
12 4.810000 0 2 10.1102
13 4.810000 0 2 21.5467
0 4.860000 0 2 0.00913846
1 4.860000 0 2 0.0153926
2 4.860000 0 2 0.0265104
3 4.860000 0 2 0.0440261
4 4.860000 0 2 0.0760006
5 4.860000 0 2 0.114849
6 4.860000 0 2 0.2424
7 4.860000 0 2 0.494607
8 4.860000 0 2 0.860658
9 4.860000 0 2 1.6613
10 4.860000 0 2 2.98043
11 4.860000 0 2 5.57818
12 4.860000 0 2 10.0123
13 4.860000 0 2 21.3233
0 4.910000 0 2 0.00880034
1 4.910000 0 2 0.0148471
2 4.910000 0 2 0.0256294
3 4.910000 0 2 0.0426531
4 4.910000 0 2 0.0738936
5 4.910000 0 2 0.112343
6 4.910000 0 2 0.23813
7 4.910000 0 2 0.487511
8 4.910000 0 2 0.850019
9 4.910000 0 2 1.64113
10 4.910000 0 2 2.9479
11 4.910000 0 2 5.52353
12 4.910000 0 2 9.91459
13 4.910000 0 2 21.1007
