#These templates represent the AGN-dominated sources with tau9.7>1.
#Separate templates are constructed for the lower-z (z<1.2) and higher-z (z>1.2) sources
#These are weighted averages of the best-fit models scaled to the total power output of each source
#For a description of the models used and other details see
#Sajina et al. 2012, ApJ, subm. 
#Please cite the above in any work that makes use of these templates
                   z<1.2      z>1.2
#Wavelength [um]   nuF_nu     nuF_nu
      0.6309574      0.0049909      0.0049909      0.0049909      0.0295940      0.0276406      0.0548397
      0.6382635      0.0052082      0.0052082      0.0052082      0.0296509      0.0276951      0.0549450
      0.6457399      0.0054430      0.0054430      0.0054430      0.0297077      0.0277498      0.0550505
      0.6532171      0.0056780      0.0056780      0.0056780      0.0297646      0.0278045      0.0551559
      0.6607810      0.0059226      0.0059226      0.0059226      0.0298215      0.0278592      0.0552614
      0.6684325      0.0061769      0.0061769      0.0061769      0.0298783      0.0279140      0.0553668
      0.6761726      0.0064409      0.0064409      0.0064409      0.0299352      0.0279688      0.0554722
      0.6840023      0.0067155      0.0067155      0.0067155      0.0299921      0.0280238      0.0555776
      0.6919227      0.0070011      0.0070011      0.0070011      0.0300489      0.0280787      0.0556830
      0.6999348      0.0072974      0.0072974      0.0072974      0.0301058      0.0281338      0.0557884
      0.7080396      0.0076055      0.0076055      0.0076055      0.0301627      0.0281889      0.0558938
      0.7162383      0.0079267      0.0079267      0.0079267      0.0302195      0.0282441      0.0559992
      0.7245320      0.0082599      0.0082599      0.0082599      0.0302764      0.0282994      0.0561047
      0.7329217      0.0086064      0.0086064      0.0086064      0.0303333      0.0283547      0.0562101
      0.7414085      0.0089675      0.0089675      0.0089675      0.0303901      0.0284101      0.0563155
      0.7499936      0.0093430      0.0093430      0.0093430      0.0304470      0.0284656      0.0564209
      0.7586781      0.0097326      0.0097326      0.0097326      0.0305039      0.0274049      0.0565264
      0.7674632      0.0101387      0.0101387      0.0101387      0.0305608      0.0263416      0.0566318
      0.7763500      0.0105608      0.0105608      0.0105608      0.0306177      0.0252758      0.0567373
      0.7853397      0.0109999      0.0109999      0.0109999      0.0306745      0.0242075      0.0568427
      0.7944335      0.0114565      0.0114565      0.0114565      0.0307314      0.0231366      0.0569482
      0.8036326      0.0119312      0.0119312      0.0119312      0.0307883      0.0231795      0.0570536
      0.8129383      0.0124249      0.0124249      0.0124249      0.0308452      0.0232225      0.0571592
      0.8223516      0.0129396      0.0129396      0.0129396      0.0309021      0.0232654      0.0572646
      0.8318740      0.0134749      0.0134749      0.0134749      0.0309590      0.0233083      0.0573701
      0.8415067      0.0140315      0.0140315      0.0140315      0.0310159      0.0233512      0.0574755
      0.8512508      0.0146118      0.0146118      0.0146118      0.0310728      0.0233942      0.0575810
      0.8611079      0.0152152      0.0152152      0.0152152      0.0311297      0.0234371      0.0576864
      0.8710790      0.0158431      0.0158431      0.0158431      0.0311866      0.0234801      0.0577920
      0.8811657      0.0164962      0.0164962      0.0164962      0.0312435      0.0235230      0.0578975
      0.8913691      0.0171771      0.0171771      0.0171771      0.0313004      0.0235660      0.0580030
      0.9016907      0.0178855      0.0178855      0.0178855      0.0313573      0.0236090      0.0581085
      0.9121317      0.0186224      0.0186224      0.0186224      0.0314143      0.0236520      0.0582140
      0.9226937      0.0193910      0.0193910      0.0193910      0.0314712      0.0236950      0.0583196
      0.9333780      0.0201907      0.0201907      0.0201907      0.0315282      0.0237380      0.0584251
      0.9441860      0.0210250      0.0210250      0.0210250      0.0315851      0.0237810      0.0585306
      0.9551192      0.0218931      0.0218931      0.0218931      0.0316421      0.0238240      0.0586362
      0.9661790      0.0228008      0.0228008      0.0228008      0.0316991      0.0238670      0.0587418
      0.9773667      0.0237435      0.0237435      0.0237435      0.0317561      0.0239101      0.0588473
      0.9886842      0.0247294      0.0247294      0.0247294      0.0318131      0.0239532      0.0589530
      1.0001326      0.0257560      0.0257560      0.0257560      0.0318702      0.0239963      0.0590586
      1.0117135      0.0268271      0.0268271      0.0268271      0.0318795      0.0240034      0.0590758
      1.0234287      0.0279428      0.0279428      0.0279428      0.0318400      0.0239738      0.0590024
      1.0352794      0.0291099      0.0291099      0.0291099      0.0317369      0.0238962      0.0588110
      1.0472673      0.0303257      0.0303257      0.0303257      0.0315701      0.0237708      0.0585017
      1.0593941      0.0315953      0.0315953      0.0315953      0.0313432      0.0236001      0.0580808
      1.0716614      0.0329208      0.0329208      0.0329208      0.0311038      0.0234199      0.0576367
      1.0840706      0.0343052      0.0343052      0.0343052      0.0308485      0.0232278      0.0571632
      1.0966235      0.0357478      0.0357478      0.0357478      0.0305922      0.0230349      0.0567711
      1.1093218      0.0372587      0.0372587      0.0372587      0.0303486      0.0228515      0.0568219
      1.1221672      0.0388334      0.0388334      0.0388334      0.0301141      0.0226749      0.0563865
      1.1351613      0.0404829      0.0404829      0.0404829      0.0298764      0.0224959      0.0559449
      1.1483058      0.0422068      0.0422068      0.0422068      0.0296389      0.0223169      0.0555034
      1.1616026      0.0440083      0.0440083      0.0440083      0.0294301      0.0221595      0.0550313
      1.1750532      0.0458923      0.0458923      0.0458923      0.0292374      0.0220141      0.0541690
      1.1886598      0.0478665      0.0478665      0.0478665      0.0290792      0.0218946      0.0538734
      1.2024238      0.0499264      0.0499264      0.0499264      0.0290148      0.0218104      0.0536644
      1.2163472      0.0520810      0.0520810      0.0520810      0.0292782      0.0217299      0.0534641
      1.2304319      0.0543398      0.0543398      0.0543398      0.0298558      0.0216308      0.0532179
      1.2446796      0.0567039      0.0567039      0.0567039      0.0307622      0.0215226      0.0529490
      1.2590923      0.0591779      0.0591779      0.0591779      0.0317525      0.0213918      0.0526238
      1.2736719      0.0617728      0.0617728      0.0617728      0.0326308      0.0213482      0.0521898
      1.2884203      0.0644955      0.0644955      0.0644955      0.0332813      0.0216313      0.0517251
      1.3033395      0.0673533      0.0673533      0.0673533      0.0340406      0.0222647      0.0512553
      1.3184315      0.0702825      0.0702825      0.0702825      0.0348690      0.0231482      0.0507529
      1.3336982      0.0732469      0.0732469      0.0732469      0.0359849      0.0240733      0.0503276
      1.3491417      0.0762381      0.0762381      0.0762381      0.0375537      0.0249322      0.0500343
      1.3647641      0.0792543      0.0792543      0.0792543      0.0394818      0.0253934      0.0496246
      1.3805673      0.0822937      0.0822937      0.0822937      0.0410081      0.0257212      0.0490756
      1.3965535      0.0854167      0.0854167      0.0854167      0.0429450      0.0263124      0.0487356
      1.4127249      0.0886351      0.0886351      0.0886351      0.0450673      0.0273924      0.0485037
      1.4290833      0.0918871      0.0918871      0.0918871      0.0467835      0.0289323      0.0488741
      1.4456314      0.0951630      0.0951630      0.0951630      0.0480441      0.0310811      0.0496300
      1.4623710      0.0984616      0.0984616      0.0984616      0.0495314      0.0332123      0.0508585
      1.4793044      0.1017800      0.1017800      0.1017800      0.0504576      0.0353399      0.0522146
      1.4964340      0.1051418      0.1051418      0.1051418      0.0515189      0.0375157      0.0535274
      1.5137619      0.1085776      0.1085776      0.1085776      0.0533312      0.0397669      0.0543010
      1.5312904      0.1120441      0.1120441      0.1120441      0.0557361      0.0416610      0.0547846
      1.5490220      0.1155298      0.1155298      0.1155298      0.0581710      0.0432809      0.0555492
      1.5669588      0.1190440      0.1190440      0.1190440      0.0610015      0.0445652      0.0571737
      1.5851033      0.1225848      0.1225848      0.1225848      0.0637939      0.0459039      0.0592678
      1.6034579      0.1261825      0.1261825      0.1261825      0.0665371      0.0475387      0.0613452
      1.6220251      0.1298046      0.1298046      0.1298046      0.0693528      0.0490814      0.0636220
      1.6408073      0.1334496      0.1334496      0.1334496      0.0725552      0.0506670      0.0652861
      1.6598068      0.1371038      0.1371038      0.1371038      0.0758026      0.0520367      0.0657581
      1.6790266      0.1407786      0.1407786      0.1407786      0.0791101      0.0526375      0.0654567
      1.6984688      0.1444861      0.1444861      0.1444861      0.0824943      0.0528042      0.0648722
      1.7181361      0.1482147      0.1482147      0.1482147      0.0859338      0.0533022      0.0639123
      1.7380311      0.1519628      0.1519628      0.1519628      0.0892861      0.0542651      0.0627308
      1.7581567      0.1557440      0.1557440      0.1557440      0.0924997      0.0557131      0.0614634
      1.7785151      0.1595437      0.1595437      0.1595437      0.0955215      0.0579103      0.0610150
      1.7991093      0.1633459      0.1633459      0.1633459      0.0983602      0.0609939      0.0614091
      1.8199420      0.1671703      0.1671703      0.1671703      0.1010511      0.0649136      0.0627033
      1.8410159      0.1710154      0.1710154      0.1710154      0.1037232      0.0697628      0.0649216
      1.8623339      0.1748820      0.1748820      0.1748820      0.1064246      0.0756980      0.0679712
      1.8838987      0.1787688      0.1787688      0.1787688      0.1091766      0.0813449      0.0711089
      1.9057133      0.1826390      0.1826390      0.1826390      0.1119131      0.0857719      0.0742969
      1.9277804      0.1865188      0.1865188      0.1865188      0.1146716      0.0890523      0.0775577
      1.9501030      0.1904250      0.1904250      0.1904250      0.1174631      0.0911008      0.0809126
      1.9726841      0.1943401      0.1943401      0.1943401      0.1202768      0.0918678      0.0843456
      1.9955268      0.1982431      0.1982431      0.1982431      0.1230998      0.0925459      0.0878338
      2.0186338      0.2021478      0.2021478      0.2021478      0.1259405      0.0933557      0.0913906
      2.0420086      0.2060688      0.2060688      0.2060688      0.1288082      0.0943045      0.0950315
      2.0656538      0.2100069      0.2100069      0.2100069      0.1317038      0.0953579      0.0987619
      2.0895731      0.2139406      0.2139406      0.2139406      0.1346136      0.0963875      0.1025562
      2.1137691      0.2178662      0.2178662      0.2178662      0.1375353      0.0974109      0.1064088
      2.1382453      0.2217908      0.2217908      0.2217908      0.1404735      0.0984291      0.1102349
      2.1630051      0.2257373      0.2257373      0.2257373      0.1434429      0.0997606      0.1135993
      2.1880517      0.2296913      0.2296913      0.2296913      0.1464348      0.1014517      0.1164662
      2.2133880      0.2336230      0.2336230      0.2336230      0.1494294      0.1034828      0.1186059
      2.2390180      0.2375560      0.2375560      0.2375560      0.1524422      0.1058632      0.1200348
      2.2649446      0.2415019      0.2415019      0.2415019      0.1554810      0.1086025      0.1205951
      2.2911713      0.2454533      0.2454533      0.2454533      0.1585410      0.1113932      0.1207292
      2.3177018      0.2493621      0.2493621      0.2493621      0.1615905      0.1141874      0.1208979
      2.3445396      0.2532774      0.2532774      0.2532774      0.1646617      0.1170181      0.1213468
      2.3716879      0.2571988      0.2571988      0.2571988      0.1677547      0.1198858      0.1226272
      2.3991508      0.2611106      0.2611106      0.2611106      0.1708591      0.1229975      0.1252152
      2.4269316      0.2649987      0.2649987      0.2649987      0.1739654      0.1263975      0.1291154
      2.4550343      0.2689047      0.2689047      0.2689047      0.1771013      0.1301315      0.1339317
      2.4834621      0.2728308      0.2728308      0.2728308      0.1802686      0.1342221      0.1397149
      2.5122194      0.2767296      0.2767296      0.2767296      0.1834354      0.1386167      0.1458405
      2.5413094      0.2806145      0.2806145      0.2806145      0.1866107      0.1431241      0.1521277
      2.5707364      0.2845024      0.2845024      0.2845024      0.1898059      0.1477202      0.1586219
      2.6005042      0.2883706      0.2883706      0.2883706      0.1930056      0.1523701      0.1652409
      2.6306167      0.2922071      0.2922071      0.2922071      0.1962015      0.1569486      0.1719514
      2.6610777      0.2960553      0.2960553      0.2960553      0.1994234      0.1611649      0.1788708
      2.6918914      0.2999008      0.2999008      0.2999008      0.2026614      0.1649830      0.1859612
      2.7230623      0.3037199      0.3037199      0.3037199      0.2058989      0.1684007      0.1931525
      2.7545936      0.3075362      0.3075362      0.3075362      0.2091526      0.1714410      0.2005161
      2.7864904      0.3113489      0.3113489      0.3113489      0.2124216      0.1741834      0.2080506
      2.8187566      0.3151363      0.3151363      0.3151363      0.2157000      0.1769423      0.2156877
      2.8513961      0.3189118      0.3189118      0.3189118      0.2189789      0.1801751      0.2234702
      2.8844137      0.3226915      0.3226915      0.3226915      0.2222787      0.1843585      0.2314520
      2.9178138      0.3264570      0.3264570      0.3264570      0.2255864      0.1894897      0.2395719
      2.9516003      0.3302193      0.3302193      0.3302193      0.2289911      0.1956566      0.2478726
      2.9857783      0.3339771      0.3339771      0.3339771      0.2323278      0.2023430      0.2552881
      3.0203521      0.3377074      0.3377074      0.3377074      0.2356642      0.2086034      0.2613796
      3.0553260      0.3414123      0.3414123      0.3414123      0.2390003      0.2139372      0.2660978
      3.0907052      0.3450999      0.3450999      0.3450999      0.2423418      0.2183300      0.2694339
      3.1264937      0.3487598      0.3487598      0.3487598      0.2456000      0.2217060      0.2713147
      3.1626968      0.3524134      0.3524134      0.3524134      0.2489450      0.2246022      0.2728131
      3.1993191      0.3560591      0.3560591      0.3560591      0.2523094      0.2274991      0.2742913
      3.2363653      0.3596964      0.3596964      0.3596964      0.2556852      0.2303962      0.2757559
      3.2738407      0.3633280      0.3633280      0.3633280      0.2590746      0.2332957      0.2772054
      3.3117499      0.3669499      0.3669499      0.3669499      0.2624744      0.2361940      0.2786364
      3.3500984      0.3705617      0.3705617      0.3705617      0.2658846      0.2390907      0.2800497
      3.3888907      0.3741549      0.3741549      0.3741549      0.2692983      0.2419773      0.2814575
      3.4281323      0.3777217      0.3777217      0.3777217      0.2727099      0.2448464      0.2828513
      3.4678283      0.3812578      0.3812578      0.3812578      0.2761160      0.2476937      0.2842323
      3.5079837      0.3847765      0.3847765      0.3847765      0.2795264      0.2505318      0.2856100
      3.5486042      0.3882737      0.3882737      0.3882737      0.2829380      0.2533566      0.2869846
      3.5896952      0.3917697      0.3917697      0.3917697      0.2863657      0.2561872      0.2883537
      3.6312618      0.3952674      0.3952674      0.3952674      0.2898117      0.2590264      0.2897263
      3.6733098      0.3987592      0.3987592      0.3987592      0.2932701      0.2618667      0.2911094
      3.7158446      0.4022224      0.4022224      0.4022224      0.2967236      0.2646863      0.2924933
      3.7588720      0.4056563      0.4056563      0.4056563      0.3001718      0.2674842      0.2938780
      3.8023977      0.4090523      0.4090523      0.4090523      0.3036076      0.2702519      0.2952678
      3.8464274      0.4124211      0.4124211      0.4124211      0.3070390      0.2729995      0.2966627
      3.8909671      0.4157694      0.4157694      0.4157694      0.3104710      0.2757332      0.2980558
      3.9360225      0.4191157      0.4191157      0.4191157      0.3139176      0.2784711      0.2994611
      3.9815996      0.4224479      0.4224479      0.4224479      0.3173696      0.2811973      0.3008773
      4.0277042      0.4257811      0.4257811      0.4257811      0.3208381      0.2838713      0.3023093
      4.0743432      0.4290955      0.4290955      0.4290955      0.3243078      0.2866389      0.3037566
      4.1215215      0.4323905      0.4323905      0.4323905      0.3277781      0.2896457      0.3052293
      4.1692467      0.4356617      0.4356617      0.4356617      0.3312454      0.2928352      0.3067732
      4.2175241      0.4389206      0.4389206      0.4389206      0.3347186      0.2962266      0.3083412
      4.2663608      0.4421628      0.4421628      0.4421628      0.3381940      0.2998755      0.3099295
      4.3157625      0.4453876      0.4453876      0.4453876      0.3416706      0.3036215      0.3115803
      4.3657370      0.4486029      0.4486029      0.4486029      0.3451546      0.3073303      0.3132858
      4.4162893      0.4518084      0.4518084      0.4518084      0.3486458      0.3110582      0.3150137
      4.4674277      0.4549956      0.4549956      0.4549956      0.3521370      0.3147977      0.3168104
      4.5191584      0.4581554      0.4581554      0.4581554      0.3556209      0.3185405      0.3186828
      4.5714879      0.4612915      0.4612915      0.4612915      0.3590997      0.3222894      0.3205876
      4.6244230      0.4643905      0.4643905      0.4643905      0.3625627      0.3260322      0.3225308
      4.6779714      0.4674522      0.4674522      0.4674522      0.3660091      0.3297684      0.3244871
      4.7321401      0.4704887      0.4704887      0.4704887      0.3694487      0.3335088      0.3264583
      4.7869353      0.4735126      0.4735126      0.4735126      0.3728912      0.3372647      0.3284386
      4.8423653      0.4765322      0.4765322      0.4765322      0.3763433      0.3410435      0.3306609
      4.8984375      0.4795605      0.4795605      0.4795605      0.3798153      0.3448575      0.3334700
      4.9551587      0.4825842      0.4825842      0.4825842      0.3832963      0.3486942      0.3368604
      5.0125365      0.4855856      0.4855856      0.4855856      0.3867712      0.3525037      0.3408419
      5.0705791      0.4885689      0.4885689      0.4885689      0.3902434      0.3562532      0.3454356
      5.1292934      0.4915295      0.4915295      0.4915295      0.3937086      0.3599375      0.3504145
      5.1886878      0.4944443      0.4944443      0.4944443      0.3971473      0.3635365      0.3554023
      5.2487702      0.4973355      0.4973355      0.4973355      0.4005776      0.3670675      0.3604306
      5.3095484      0.5002348      0.5002348      0.5002348      0.4040258      0.3705885      0.3655376
      5.3710303      0.5031146      0.5031146      0.5031146      0.4074683      0.3741123      0.3706722
      5.4332237      0.5059746      0.5059746      0.5059746      0.4109045      0.3776388      0.3758361
      5.4961371      0.5088329      0.5088329      0.5088329      0.4143495      0.3811812      0.3810643
      5.5597796      0.5116618      0.5116618      0.5116618      0.4177790      0.3847179      0.3863066
      5.6241584      0.5144378      0.5144378      0.5144378      0.4211729      0.3882309      0.3915165
      5.6892834      0.5172120      0.5172120      0.5172120      0.4245745      0.3917591      0.3967867
      5.7551618      0.5199701      0.5199701      0.5199701      0.4279710      0.3952913      0.4020870
      5.8218036      0.5226977      0.5226977      0.5226977      0.4313495      0.3988157      0.4073895
      5.8892169      0.5254182      0.5254182      0.5254182      0.4347298      0.4023503      0.4127364
      5.9574108      0.5281363      0.5281363      0.5281363      0.4381155      0.4058761      0.4181388
      6.0263944      0.5308236      0.5308236      0.5308236      0.4414819      0.4093260      0.4235436
      6.0961771      0.5334991      0.5334991      0.5334991      0.4448448      0.4127136      0.4289944
      6.1667676      0.5361478      0.5361478      0.5361478      0.4481905      0.4160298      0.4344691
      6.2381754      0.5387844      0.5387844      0.5387844      0.4515315      0.4192410      0.4399995
      6.3104100      0.5414138      0.5414138      0.5414138      0.4548718      0.4223662      0.4455940
      6.3834810      0.5440064      0.5440064      0.5440064      0.4581847      0.4254316      0.4511919
      6.4573984      0.5465671      0.5465671      0.5465671      0.4614739      0.4284384      0.4567935
      6.5321712      0.5491200      0.5491200      0.5491200      0.4647600      0.4314013      0.4624376
      6.6078100      0.5516506      0.5516506      0.5516506      0.4680299      0.4343499      0.4688854
      6.6843247      0.5544547      0.5544547      0.5544547      0.4709228      0.4372851      0.4766734
      6.7617254      0.5576444      0.5576444      0.5576444      0.4741762      0.4402223      0.4859497
      6.8400226      0.5612171      0.5612171      0.5612171      0.4774295      0.4431586      0.4948930
      6.9192266      0.5651490      0.5651490      0.5651490      0.4806685      0.4460852      0.5034174
      6.9993477      0.5694215      0.5694215      0.5694215      0.4838787      0.4489520      0.5106978
      7.0803967      0.5737821      0.5737821      0.5737821      0.4874434      0.4531824      0.5162193
      7.1623836      0.5780870      0.5780870      0.5780870      0.4906129      0.4586609      0.5198299
      7.2453203      0.5823908      0.5823908      0.5823908      0.4941879      0.4656270      0.5233803
      7.3292170      0.5866917      0.5866917      0.5866917      0.4981824      0.4740029      0.5269299
      7.4140854      0.5909805      0.5909805      0.5909805      0.5025812      0.4837708      0.5306059
      7.4999361      0.5952095      0.5952095      0.5952095      0.5073627      0.4935332      0.5357399
      7.5867810      0.5994406      0.5994406      0.5994406      0.5130716      0.5034105      0.5424173
      7.6746316      0.6036175      0.6036175      0.6036175      0.5195689      0.5130624      0.5506200
      7.7634997      0.6077049      0.6077049      0.6077049      0.5266050      0.5222211      0.5601104
      7.8533969      0.6100357      0.6100357      0.6100357      0.5294278      0.5242605      0.5633981
      7.9443350      0.6103336      0.6103336      0.6103336      0.5296109      0.5187679      0.5623814
      8.0363264      0.6077769      0.6077769      0.6077769      0.5260109      0.5075339      0.5574593
      8.1293831      0.6014684      0.6014684      0.6014684      0.5189068      0.4928896      0.5482895
      8.2235165      0.5907133      0.5907133      0.5907133      0.5030053      0.4727814      0.5346889
      8.3187408      0.5765925      0.5765925      0.5765925      0.4887452      0.4531709      0.5241861
      8.4150667      0.5606200      0.5606200      0.5606200      0.4720372      0.4296452      0.5121642
      8.5125084      0.5437123      0.5437123      0.5437123      0.4465828      0.3974108      0.4993603
      8.6110792      0.5270707      0.5270707      0.5270707      0.4181019      0.3636755      0.4739538
      8.7107906      0.5119154      0.5119154      0.5119154      0.3930463      0.3283996      0.4433500
      8.8116560      0.4986791      0.4986791      0.4986791      0.3655556      0.2950384      0.4114385
      8.9136906      0.4852072      0.4852072      0.4852072      0.3324479      0.2632027      0.3748862
      9.0169058      0.4710602      0.4710602      0.4710602      0.3064029      0.2361284      0.3304720
      9.1213169      0.4568871      0.4568871      0.4568871      0.2822093      0.2070567      0.2954151
      9.2269373      0.4431205      0.4431205      0.4431205      0.2574517      0.1809786      0.2647449
      9.3337803      0.4307283      0.4307283      0.4307283      0.2340319      0.1564120      0.2359748
      9.4418602      0.4217111      0.4217111      0.4217111      0.2196572      0.1398099      0.2157727
      9.5511923      0.4175230      0.4175230      0.4175230      0.2105672      0.1323477      0.2082934
      9.6617899      0.4174989      0.4174989      0.4174989      0.2062243      0.1317501      0.2091443
      9.7736673      0.4205595      0.4205595      0.4205595      0.2078252      0.1353338      0.2161069
      9.8868418      0.4263544      0.4263544      0.4263544      0.2145612      0.1425127      0.2287581
     10.0013256      0.4344829      0.4344829      0.4344829      0.2251958      0.1528903      0.2470261
     10.1171350      0.4440838      0.4440838      0.4440838      0.2366283      0.1642161      0.2699692
     10.2342863      0.4546712      0.4546712      0.4546712      0.2493735      0.1790351      0.2951131
     10.3527937      0.4660966      0.4660966      0.4660966      0.2666252      0.1967828      0.3209139
     10.4726734      0.4777999      0.4777999      0.4777999      0.2875285      0.2160435      0.3461350
     10.5939407      0.4890507      0.4890507      0.4890507      0.3090391      0.2355207      0.3695921
     10.7166128      0.4998838      0.4998838      0.4998838      0.3330758      0.2549319      0.3943339
     10.8407049      0.5107840      0.5107840      0.5107840      0.3595690      0.2747926      0.4205025
     10.9662342      0.5223220      0.5223220      0.5223220      0.3861660      0.2963390      0.4492415
     11.0932178      0.5358139      0.5358139      0.5358139      0.4122843      0.3182564      0.4809612
     11.2216711      0.5517991      0.5517991      0.5517991      0.4402135      0.3401330      0.5149101
     11.3516121      0.5699070      0.5699070      0.5699070      0.4691519      0.3628216      0.5464568
     11.4830580      0.5898177      0.5898177      0.5898177      0.4956553      0.3852794      0.5724767
     11.6160259      0.6114070      0.6114070      0.6114070      0.5218118      0.4094227      0.6014665
     11.7505341      0.6335904      0.6335904      0.6335904      0.5463798      0.4375059      0.6340786
     11.8865986      0.6556197      0.6556197      0.6556197      0.5761774      0.4719768      0.6671453
     12.0242395      0.6770315      0.6770315      0.6770315      0.6059597      0.5154033      0.7044233
     12.1634731      0.6967930      0.6967930      0.6967930      0.6416214      0.5603393      0.7497858
     12.3043194      0.7139136      0.7139136      0.7139136      0.6748852      0.6015100      0.7915832
     12.4467964      0.7276195      0.7276195      0.7276195      0.7080755      0.6361634      0.8258113
     12.5909233      0.7380438      0.7380438      0.7380438      0.7325905      0.6625455      0.8540788
     12.7367191      0.7456834      0.7456834      0.7456834      0.7515717      0.6768656      0.8729409
     12.8842030      0.7516108      0.7516108      0.7516108      0.7615830      0.6861349      0.8832952
     13.0333958      0.7566600      0.7566600      0.7566600      0.7686196      0.6927028      0.8888342
     13.1843147      0.7612708      0.7612708      0.7612708      0.7721066      0.6995753      0.8921672
     13.3369818      0.7654958      0.7654958      0.7654958      0.7720240      0.7060102      0.8958342
     13.4914169      0.7693806      0.7693806      0.7693806      0.7706235      0.7131528      0.9014406
     13.6476402      0.7727427      0.7727427      0.7727427      0.7693300      0.7175334      0.9073685
     13.8056717      0.7756071      0.7756071      0.7756071      0.7682744      0.7195886      0.9107597
     13.9655342      0.7781019      0.7781019      0.7781019      0.7673534      0.7186559      0.9116748
     14.1272469      0.7802017      0.7802017      0.7802017      0.7682062      0.7154016      0.9090360
     14.2908325      0.7816187      0.7816187      0.7816187      0.7702451      0.7094663      0.9025159
     14.4563122      0.7820647      0.7820647      0.7820647      0.7713318      0.7012559      0.8928759
     14.6237087      0.7811421      0.7811421      0.7811421      0.7703796      0.6899079      0.8823286
     14.7930431      0.7786174      0.7786174      0.7786174      0.7641693      0.6750150      0.8727716
     14.9643383      0.7742662      0.7742662      0.7742662      0.7489107      0.6552397      0.8623109
     15.1376181      0.7682064      0.7682064      0.7682064      0.7327282      0.6250426      0.8480747
     15.3129034      0.7608004      0.7608004      0.7608004      0.7181920      0.5932086      0.8298962
     15.4902191      0.7523492      0.7523492      0.7523492      0.6998166      0.5606366      0.8104461
     15.6695881      0.7433704      0.7433704      0.7433704      0.6817844      0.5284402      0.7895305
     15.8510342      0.7341939      0.7341939      0.7341939      0.6701226      0.5006300      0.7674595
     16.0345802      0.7251219      0.7251219      0.7251219      0.6555966      0.4840866      0.7462488
     16.2202530      0.7164237      0.7164237      0.7164237      0.6365895      0.4686958      0.7274635
     16.4080734      0.7083603      0.7083603      0.7083603      0.6194649      0.4546300      0.7097850
     16.5980701      0.7008998      0.7008998      0.7008998      0.6041888      0.4422444      0.6921819
     16.7902660      0.6941955      0.6941955      0.6941955      0.5886924      0.4310123      0.6766493
     16.9846878      0.6882009      0.6882009      0.6882009      0.5746980      0.4203097      0.6631675
     17.1813622      0.6828970      0.6828970      0.6828970      0.5622266      0.4125785      0.6515079
     17.3803120      0.6783131      0.6783131      0.6783131      0.5513261      0.4076994      0.6420177
     17.5815659      0.6744521      0.6744521      0.6744521      0.5414813      0.4048747      0.6349721
     17.7851505      0.6713193      0.6713193      0.6713193      0.5329421      0.4022203      0.6304221
     17.9910927      0.6691208      0.6691208      0.6691208      0.5259765      0.3998001      0.6286068
     18.1994209      0.6679919      0.6679919      0.6679919      0.5207402      0.3976458      0.6315358
     18.4101601      0.6680447      0.6680447      0.6680447      0.5173578      0.3957818      0.6358701
     18.6233387      0.6692340      0.6692340      0.6692340      0.5157305      0.3941987      0.6419492
     18.8389874      0.6717008      0.6717008      0.6717008      0.5160384      0.3929264      0.6505844
     19.0571308      0.7051877      0.7051877      0.7051877      0.5771577      0.3919141      0.6615470
     19.2778034      0.7051161      0.7051161      0.7051161      0.5743786      0.3910944      0.6726173
     19.5010281      0.7053434      0.7053434      0.7053434      0.5720376      0.3904089      0.6864257
     19.7268391      0.7058879      0.7058879      0.7058879      0.5702274      0.3876972      0.6859887
     19.9552650      0.7067534      0.7067534      0.7067534      0.5689361      0.3852053      0.6873031
     20.1863384      0.7079407      0.7079407      0.7079407      0.5680037      0.3827642      0.6892367
     20.4200859      0.7094392      0.7094392      0.7094392      0.5674995      0.3803647      0.6917813
     20.6565399      0.7112347      0.7112347      0.7112347      0.5675344      0.3779999      0.6948742
     20.8957329      0.7133032      0.7133032      0.7133032      0.5680593      0.3777926      0.7147058
     21.1376953      0.7156230      0.7156230      0.7156230      0.5690266      0.3774248      0.7336413
     21.3824577      0.7181665      0.7181665      0.7181665      0.5704391      0.3796852      0.7514743
     21.6300545      0.7209100      0.7209100      0.7209100      0.5722587      0.3838951      0.7679578
     21.8805180      0.7238289      0.7238289      0.7238289      0.5744458      0.3881985      0.7829375
     22.1338825      0.7269003      0.7269003      0.7269003      0.5769613      0.3925631      0.7960383
     22.3901806      0.7300998      0.7300998      0.7300998      0.5797780      0.3970060      0.8077628
     22.6494465      0.7334050      0.7334050      0.7334050      0.5828639      0.3990049      0.8188089
     22.9117146      0.7367875      0.7367875      0.7367875      0.5861801      0.4001415      0.8293300
     23.1770191      0.7402170      0.7402170      0.7402170      0.5896845      0.4022982      0.8424165
     23.4453964      0.7436608      0.7436608      0.7436608      0.5933321      0.4054039      0.8586962
     23.7168808      0.7470879      0.7470879      0.7470879      0.5970809      0.4085621      0.8773521
     23.9915085      0.7504646      0.7504646      0.7504646      0.6008849      0.4116420      0.8988215
     24.2693176      0.7537614      0.7537614      0.7537614      0.6047248      0.4136866      0.9227155
     24.5503426      0.7569557      0.7569557      0.7569557      0.6085938      0.4146554      0.9459817
     24.8346214      0.7600299      0.7600299      0.7600299      0.6125002      0.4146338      0.9663853
     25.1221924      0.7631420      0.7631420      0.7631420      0.6167508      0.4144929      0.9831070
     25.4130936      0.7662851      0.7662851      0.7662851      0.6212967      0.4144383      0.9960198
     25.7073631      0.7694626      0.7694626      0.7694626      0.6260859      0.4164747      1.0054650
     26.0050392      0.7726688      0.7726688      0.7726688      0.6310635      0.4202614      1.0113338
     26.3061638      0.7758971      0.7758971      0.7758971      0.6361303      0.4258752      1.0154572
     26.6107750      0.7789677      0.7789677      0.7789677      0.6408557      0.4330421      1.0194058
     26.9189129      0.7818722      0.7818722      0.7818722      0.6451906      0.4416009      1.0231748
     27.2306213      0.7845953      0.7845953      0.7845953      0.6491057      0.4493705      1.0267560
     27.5459385      0.7871338      0.7871338      0.7871338      0.6526545      0.4561709      1.0301479
     27.8649063      0.7894872      0.7894872      0.7894872      0.6559564      0.4607994      1.0333362
     28.1875687      0.7916604      0.7916604      0.7916604      0.6591709      0.4635358      1.0363213
     28.5139637      0.7936579      0.7936579      0.7936579      0.6624439      0.4651986      1.0390933
     28.8441410      0.7954909      0.7954909      0.7954909      0.6658921      0.4662882      1.0416460
     29.1781387      0.7971671      0.7971671      0.7971671      0.6695516      0.4679316      1.0439724
     29.5160065      0.7986940      0.7986940      0.7986940      0.6734315      0.4713454      1.0460666
     29.8577843      0.8000744      0.8000744      0.8000744      0.6775386      0.4766123      1.0479223
     30.2035217      0.8013159      0.8013159      0.8013159      0.6818811      0.4829409      1.0495296
     30.5532608      0.8024203      0.8024203      0.8024203      0.6864637      0.4901551      1.0508887
     30.9070511      0.8033907      0.8033907      0.8033907      0.6912912      0.4977221      1.0519872
     31.2649364      0.8042312      0.8042312      0.8042312      0.6963681      0.5056691      1.0528251
     31.6269684      0.8049456      0.8049456      0.8049456      0.7016981      0.5139821      1.0533931
     31.9931908      0.8055340      0.8055340      0.8055340      0.7072314      0.5226901      1.0538232
     32.3636551      0.8059980      0.8059980      0.8059980      0.7128863      0.5317715      1.0542033
     32.7384071      0.8063380      0.8063380      0.8063380      0.7185794      0.5412424      1.0545244
     33.1175003      0.8065559      0.8065559      0.8065559      0.7242256      0.5510762      1.0547769
     33.5009842      0.8066533      0.8066533      0.8066533      0.7297388      0.5612800      1.0549487
     33.8889046      0.8066328      0.8066328      0.8066328      0.7351216      0.5709877      1.0548968
     34.2813187      0.8064954      0.8064954      0.8064954      0.7403606      0.5785102      1.0575941
     34.6782799      0.8062420      0.8062420      0.8062420      0.7454611      0.5837436      1.0673577
     35.0798340      0.8058730      0.8058730      0.8058730      0.7505084      0.5866109      1.0844728
     35.4860382      0.8053886      0.8053886      0.8053886      0.7555248      0.5870370      1.1093293
     35.8969498      0.8047882      0.8047882      0.8047882      0.7604751      0.5857730      1.1420914
     36.3126183      0.8040714      0.8040714      0.8040714      0.7653693      0.5844409      1.1800853
     36.7330971      0.8032370      0.8032370      0.8032370      0.7701991      0.5850593      1.2169116
     37.1584511      0.8022828      0.8022828      0.8022828      0.7748748      0.5878415      1.2477335
     37.5887260      0.8012069      0.8012069      0.8012069      0.7793705      0.5928077      1.2721224
     38.0239830      0.8000065      0.8000065      0.8000065      0.7836767      0.5994297      1.2899222
     38.4642792      0.7986786      0.7986786      0.7986786      0.7877879      0.6058981      1.3006406
     38.9096756      0.7972192      0.7972192      0.7972192      0.7917102      0.6109664      1.3061283
     39.3602257      0.7956254      0.7956254      0.7956254      0.7954433      0.6155009      1.3105818
     39.8159981      0.7938927      0.7938927      0.7938927      0.7989820      0.6194966      1.3140657
     40.2770424      0.7920181      0.7920181      0.7920181      0.8023751      0.6234444      1.3163829
     40.7434273      0.7899970      0.7899970      0.7899970      0.8056728      0.6291641      1.3176445
     41.2152138      0.7878268      0.7878268      0.7878268      0.8089126      0.6358369      1.3178717
     41.6924629      0.7855031      0.7855031      0.7855031      0.8121390      0.6424000      1.3174355
     42.1752396      0.7830238      0.7830238      0.7830238      0.8153979      0.6487678      1.3203019
     42.6636047      0.7803856      0.7803856      0.7803856      0.8186606      0.6548203      1.3231419
     43.1576271      0.7775868      0.7775868      0.7775868      0.8218953      0.6602516      1.3258275
     43.6573677      0.7746251      0.7746251      0.7746251      0.8250185      0.6652117      1.3285581
     44.1628952      0.7714994      0.7714994      0.7714994      0.8278955      0.6712205      1.3310424
     44.6742783      0.7682084      0.7682084      0.7682084      0.8303925      0.6783311      1.3275037
     45.1915817      0.7647514      0.7647514      0.7647514      0.8323986      0.6854258      1.3212780
     45.7148743      0.7611284      0.7611284      0.7611284      0.8338019      0.6910268      1.3125430
     46.2442284      0.7573401      0.7573401      0.7573401      0.8345729      0.6950048      1.3011273
     46.7797089      0.7533871      0.7533871      0.7533871      0.8347689      0.6959828      1.2873777
     47.3213921      0.7492710      0.7492710      0.7492710      0.8344477      0.6950887      1.2729543
     47.8693504      0.7449934      0.7449934      0.7449934      0.8336660      0.6935992      1.2592314
     48.4236526      0.7405562      0.7405562      0.7405562      0.8324792      0.6932275      1.2483269
     48.9843750      0.7359624      0.7359624      0.7359624      0.8309128      0.6939983      1.2404528
     49.5515900      0.7312145      0.7312145      0.7312145      0.8289574      0.6957065      1.2354100
     50.1253738      0.7263162      0.7263162      0.7263162      0.8266052      0.6972150      1.2333528
     50.7057953      0.7212712      0.7212712      0.7212712      0.8238994      0.6984859      1.2329779
     51.2929420      0.7160837      0.7160837      0.7160837      0.8208801      0.6992367      1.2321199
     51.8868866      0.7107579      0.7107579      0.7107579      0.8175879      0.6982914      1.2306510
     52.4877052      0.7052988      0.7052988      0.7052988      0.8140675      0.6957185      1.2287158
     53.0954857      0.6997106      0.6997106      0.6997106      0.8103660      0.6915268      1.2258563
     53.7103004      0.6939989      0.6939989      0.6939989      0.8064437      0.6857863      1.2213249
     54.3322372      0.6881680      0.6881680      0.6881680      0.8023127      0.6788272      1.2150668
     54.9613724      0.6822237      0.6822237      0.6822237      0.7979697      0.6718630      1.2071956
     55.5977936      0.6761702      0.6761702      0.6761702      0.7933301      0.6648701      1.1976608
     56.2415848      0.6700131      0.6700131      0.6700131      0.7883732      0.6578823      1.1869138
     56.8928337      0.6637570      0.6637570      0.6637570      0.7831342      0.6507664      1.1757977
     57.5516205      0.6574070      0.6574070      0.6574070      0.7776042      0.6425123      1.1643686
     58.2180367      0.6509680      0.6509680      0.6509680      0.7717919      0.6330838      1.1526011
     58.8921661      0.6444451      0.6444451      0.6444451      0.7657866      0.6225339      1.1405549
     59.5741081      0.6378428      0.6378428      0.6378428      0.7596142      0.6108372      1.1271254
     60.2639427      0.6311661      0.6311661      0.6311661      0.7532836      0.5988903      1.1121783
     60.9617653      0.6244193      0.6244193      0.6244193      0.7467793      0.5883165      1.0957043
     61.6676674      0.6176075      0.6176075      0.6176075      0.7400709      0.5791371      1.0777926
     62.3817444      0.6107347      0.6107347      0.6107347      0.7331271      0.5712991      1.0584452
     63.1040916      0.6038057      0.6038057      0.6038057      0.7259143      0.5648119      1.0388321
     63.8348045      0.5968243      0.5968243      0.5968243      0.7183894      0.5588877      1.0191424
     64.5739822      0.5897955      0.5897955      0.5897955      0.7105330      0.5529256      0.9994520
     65.3217163      0.5827225      0.5827225      0.5827225      0.7023429      0.5469186      0.9797417
     66.0781097      0.5756099      0.5756099      0.5756099      0.6938173      0.5408788      0.9600760
     66.8432617      0.5684612      0.5684612      0.5684612      0.6849584      0.5347967      0.9404240
     67.6172638      0.5612804      0.5612804      0.5612804      0.6757972      0.5286843      0.9208472
     68.4002380      0.5540710      0.5540710      0.5540710      0.6663672      0.5225341      0.9013224
     69.1922760      0.5468370      0.5468370      0.5468370      0.6567408      0.5163546      0.8818949
     69.9934845      0.5395815      0.5395815      0.5395815      0.6470160      0.5101392      0.8625430
     70.8039627      0.5323085      0.5323085      0.5323085      0.6372884      0.5038990      0.8433223
     71.6238327      0.5250211      0.5250211      0.5250211      0.6276222      0.4976292      0.8242175
     72.4532013      0.5177230      0.5177230      0.5177230      0.6180789      0.4913387      0.8052747
     73.2921677      0.5104173      0.5104173      0.5104173      0.6086478      0.4850224      0.7864740
     74.1408539      0.5031075      0.5031075      0.5031075      0.5992588      0.4786885      0.7678581
     74.9993591      0.4957966      0.4957966      0.4957966      0.5898436      0.4723336      0.7494137
     75.8678131      0.4884877      0.4884877      0.4884877      0.5803461      0.4659648      0.7311752
     76.7463150      0.4811837      0.4811837      0.4811837      0.5707104      0.4595799      0.7131341
     77.6349945      0.4738878      0.4738878      0.4738878      0.5609137      0.4531866      0.6954821
     78.5339661      0.4666027      0.4666027      0.4666027      0.5509667      0.4467812      0.6793050
     79.4433441      0.4593313      0.4593313      0.4593313      0.5408810      0.4396272      0.6645719
     80.3632584      0.4520763      0.4520763      0.4520763      0.5306672      0.4311573      0.6512207
     81.2938156      0.4448406      0.4448406      0.4448406      0.5203726      0.4214281      0.6392132
     82.2351532      0.4376267      0.4376267      0.4376267      0.5100446      0.4104788      0.6283314
     83.1873932      0.4304373      0.4304373      0.4304373      0.4997292      0.3983689      0.6174403
     84.1506577      0.4232747      0.4232747      0.4232747      0.4894706      0.3858828      0.6065368
     85.1250763      0.4161414      0.4161414      0.4161414      0.4793118      0.3736440      0.5956322
     86.1107864      0.4090397      0.4090397      0.4090397      0.4692579      0.3616436      0.5847235
     87.1079025      0.4019719      0.4019719      0.4019719      0.4593122      0.3498989      0.5738230
     88.1165695      0.3949402      0.3949402      0.3949402      0.4494773      0.3384011      0.5629291
     89.1369171      0.3879470      0.3879470      0.3879470      0.4397560      0.3271648      0.5520527
     90.1690750      0.3809943      0.3809943      0.3809943      0.4301504      0.3161819      0.5411937
     91.2131805      0.3740842      0.3740842      0.3740842      0.4206630      0.3054660      0.5303633
     92.2693787      0.3672187      0.3672187      0.3672187      0.4112956      0.2950096      0.5195621
     93.3378067      0.3603998      0.3603998      0.3603998      0.4020501      0.2848244      0.5088008
     94.4186020      0.3536292      0.3536292      0.3536292      0.3929281      0.2749023      0.4980806
     95.5119171      0.3469090      0.3469090      0.3469090      0.3839312      0.2652522      0.4874112
     96.6178970      0.3402406      0.3402406      0.3402406      0.3750606      0.2558664      0.4767943
     97.7366791      0.3336260      0.3336260      0.3336260      0.3663175      0.2467514      0.4662392
     98.8684158      0.3270666      0.3270666      0.3270666      0.3577028      0.2378992      0.4557475
    100.0132599      0.3205641      0.3205641      0.3205641      0.3492201      0.2293156      0.4453285
    101.1713638      0.3141198      0.3141198      0.3141198      0.3408821      0.2209924      0.4349843
    102.3428726      0.3077355      0.3077355      0.3077355      0.3327008      0.2129335      0.4247234
    103.5279541      0.3014123      0.3014123      0.3014123      0.3246874      0.2051307      0.4145482
    104.7267456      0.2951518      0.2951518      0.2951518      0.3168526      0.1975868      0.4044667
    105.9394226      0.2889552      0.2889552      0.2889552      0.3092033      0.1902933      0.3945922
    107.1661377      0.2828238      0.2828238      0.2828238      0.3017182      0.1832519      0.3849311
    108.4070663      0.2767589      0.2767589      0.2767589      0.2943727      0.1764540      0.3754826
    109.6623611      0.2707618      0.2707618      0.2707618      0.2871434      0.1699002      0.3662502
    110.9321899      0.2648336      0.2648336      0.2648336      0.2800076      0.1635820      0.3572325
    112.2167206      0.2589755      0.2589755      0.2589755      0.2729478      0.1574993      0.3483214
    113.5161285      0.2531884      0.2531884      0.2531884      0.2659795      0.1516433      0.3395159
    114.8305817      0.2474734      0.2474734      0.2474734      0.2591211      0.1460131      0.3308210
    116.1602554      0.2418314      0.2418314      0.2418314      0.2523902      0.1406005      0.3222378
    117.5053253      0.2362631      0.2362631      0.2362631      0.2458043      0.1354035      0.3137707
    118.8659744      0.2307692      0.2307692      0.2307692      0.2393755      0.1304135      0.3054203
    120.2423706      0.2253505      0.2253505      0.2253505      0.2331024      0.1256284      0.2971999
    121.6347198      0.2200075      0.2200075      0.2200075      0.2269787      0.1210397      0.2891175
    123.0431747      0.2147407      0.2147407      0.2147407      0.2209960      0.1166444      0.2811766
    124.4679565      0.2095507      0.2095507      0.2095507      0.2151462      0.1124343      0.2745671
    125.9092178      0.2044380      0.2044380      0.2044380      0.2094215      0.1084062      0.2691502
    127.3671799      0.1994030      0.1994030      0.1994030      0.2038141      0.1045524      0.2635857
    128.8420105      0.1944460      0.1944460      0.1944460      0.1983210      0.1008695      0.2578897
    130.3339386      0.1895673      0.1895673      0.1895673      0.1929415      0.0973509      0.2520805
    131.8431396      0.1847672      0.1847672      0.1847672      0.1876747      0.0939931      0.2449899
    133.3698120      0.1800459      0.1800459      0.1800459      0.1825199      0.0907917      0.2367831
    134.9141693      0.1754036      0.1754036      0.1754036      0.1774759      0.0877426      0.2288097
    136.4764099      0.1708404      0.1708404      0.1708404      0.1725420      0.0848415      0.2210705
    138.0567474      0.1663564      0.1663564      0.1663564      0.1677170      0.0820832      0.2135630
    139.6553497      0.1619516      0.1619516      0.1619516      0.1629998      0.0794615      0.2062817
    141.2724915      0.1576259      0.1576259      0.1576259      0.1583893      0.0769688      0.1992840
    142.9083405      0.1533794      0.1533794      0.1533794      0.1538845      0.0745984      0.1926989
    144.5631409      0.1492118      0.1492118      0.1492118      0.1494841      0.0723428      0.1865037
    146.2371063      0.1451230      0.1451230      0.1451230      0.1451869      0.0701958      0.1806791
    147.9304504      0.1411128      0.1411128      0.1411128      0.1409917      0.0681525      0.1752096
    149.6434021      0.1371809      0.1371809      0.1371809      0.1368971      0.0662069      0.1700096
    151.3761902      0.1333271      0.1333271      0.1333271      0.1329019      0.0643558      0.1649305
    153.1290436      0.1295510      0.1295510      0.1295510      0.1290047      0.0625936      0.1599681
    154.9021912      0.1258522      0.1258522      0.1258522      0.1252043      0.0609171      0.1551231
    156.6958618      0.1222304      0.1222304      0.1222304      0.1214992      0.0593212      0.1503919
    158.5103302      0.1186850      0.1186850      0.1186850      0.1178882      0.0578029      0.1458760
    160.3457794      0.1152155      0.1152155      0.1152155      0.1143697      0.0563575      0.1417182
    162.2024994      0.1118216      0.1118216      0.1118216      0.1109425      0.0549817      0.1379046
    164.0807037      0.1085025      0.1085025      0.1085025      0.1076051      0.0536713      0.1344191
    165.9806824      0.1052576      0.1052576      0.1052576      0.1043560      0.0524230      0.1312477
    167.9026337      0.1020864      0.1020864      0.1020864      0.1011939      0.0512330      0.1282745
    169.8468628      0.0989880      0.0989880      0.0989880      0.0981173      0.0500981      0.1253397
    171.8135834      0.0959617      0.0959617      0.0959617      0.0951247      0.0490147      0.1224430
    173.8031006      0.0930068      0.0930068      0.0930068      0.0922145      0.0479802      0.1195847
    175.8156586      0.0901222      0.0901222      0.0901222      0.0893854      0.0469911      0.1167644
    177.8515167      0.0873072      0.0873072      0.0873072      0.0866335      0.0460449      0.1139825
    179.9109497      0.0845608      0.0845608      0.0845608      0.0839511      0.0451385      0.1112387
    181.9942169      0.0818822      0.0818822      0.0818822      0.0813309      0.0442694      0.1085333
    184.1016235      0.0792705      0.0792705      0.0792705      0.0787654      0.0434348      0.1056760
    186.2334137      0.0767249      0.0767249      0.0767249      0.0762474      0.0426326      0.1025765
    188.3898926      0.0742444      0.0742444      0.0742444      0.0737721      0.0418604      0.0992558
    190.5713348      0.0718283      0.0718283      0.0718283      0.0713385      0.0411161      0.0957341
    192.7780609      0.0694754      0.0694754      0.0694754      0.0689507      0.0403975      0.0920304
    195.0103149      0.0671850      0.0671850      0.0671850      0.0666145      0.0397028      0.0883534
    197.2684326      0.0649560      0.0649560      0.0649560      0.0643355      0.0390200      0.0848111
    199.5526733      0.0627875      0.0627875      0.0627875      0.0621191      0.0383458      0.0813993
    201.8634033      0.0606784      0.0606784      0.0606784      0.0599705      0.0376803      0.0781138
    204.2008514      0.0586279      0.0586279      0.0586279      0.0578900      0.0370239      0.0749507
    206.5653992      0.0566347      0.0566347      0.0566347      0.0558757      0.0363641      0.0719058
    208.9572906      0.0546980      0.0546980      0.0546980      0.0539258      0.0356879      0.0689756
    211.3769226      0.0528166      0.0528166      0.0528166      0.0520385      0.0349988      0.0661560
    213.8245392      0.0509896      0.0509896      0.0509896      0.0502122      0.0342367      0.0634435
    216.3005066      0.0492159      0.0492159      0.0492159      0.0484457      0.0333543      0.0608344
    218.8051453      0.0474943      0.0474943      0.0474943      0.0467375      0.0323685      0.0583253
    221.3387909      0.0458240      0.0458240      0.0458240      0.0450864      0.0313068      0.0559127
    223.9017639      0.0442037      0.0442037      0.0442037      0.0434910      0.0301719      0.0535934
    226.4944305      0.0426325      0.0426325      0.0426325      0.0419498      0.0290268      0.0513640
    229.1171112      0.0411093      0.0411093      0.0411093      0.0404609      0.0279218      0.0492216
    231.7701721      0.0396329      0.0396329      0.0396329      0.0390229      0.0268554      0.0471631
    234.4539490      0.0382025      0.0382025      0.0382025      0.0376339      0.0258266      0.0451854
    237.1688080      0.0368169      0.0368169      0.0368169      0.0362917      0.0248341      0.0432857
    239.9151001      0.0354751      0.0354751      0.0354751      0.0349944      0.0238769      0.0414612
    242.6931915      0.0341760      0.0341760      0.0341760      0.0337398      0.0229474      0.0397093
    245.5034637      0.0329187      0.0329187      0.0329187      0.0325260      0.0220426      0.0380465
    248.3462372      0.0317020      0.0317020      0.0317020      0.0313514      0.0211623      0.0364735
    251.2219696      0.0305250      0.0305250      0.0305250      0.0302149      0.0203060      0.0349853
    254.1309662      0.0293867      0.0293867      0.0293867      0.0291157      0.0194734      0.0335771
    257.0736694      0.0282860      0.0282860      0.0282860      0.0280531      0.0186706      0.0322445
    260.0504456      0.0272221      0.0272221      0.0272221      0.0270263      0.0178990      0.0309640
    263.0616760      0.0261939      0.0261939      0.0261939      0.0260345      0.0171575      0.0297286
    266.1077881      0.0252004      0.0252004      0.0252004      0.0250768      0.0164450      0.0285370
    269.1891785      0.0242408      0.0242408      0.0242408      0.0241523      0.0157606      0.0273879
    272.3062134      0.0233141      0.0233141      0.0233141      0.0232596      0.0151032      0.0262802
    275.4593811      0.0224193      0.0224193      0.0224193      0.0223975      0.0144694      0.0252126
    278.6490173      0.0215557      0.0215557      0.0215557      0.0215650      0.0138515      0.0242218
    281.8756409      0.0207221      0.0207221      0.0207221      0.0207609      0.0132493      0.0233161
    285.1395874      0.0199179      0.0199179      0.0199179      0.0199841      0.0126630      0.0224906
    288.4413757      0.0191422      0.0191422      0.0191422      0.0192337      0.0121323      0.0217406
    291.7813416      0.0183940      0.0183940      0.0183940      0.0185090      0.0116563      0.0210616
    295.1600342      0.0176726      0.0176726      0.0176726      0.0178091      0.0112384      0.0204114
    298.5777893      0.0169772      0.0169772      0.0169772      0.0171332      0.0108748      0.0197765
    302.0351868      0.0163069      0.0163069      0.0163069      0.0164808      0.0105616      0.0191567
    305.5325623      0.0156611      0.0156611      0.0156611      0.0158509      0.0102520      0.0185519
    309.0704651      0.0150388      0.0150388      0.0150388      0.0152429      0.0099247      0.0179618
    312.6493530      0.0144394      0.0144394      0.0144394      0.0146561      0.0095817      0.0173864
    316.2696838      0.0138622      0.0138622      0.0138622      0.0140898      0.0092248      0.0168255
    319.9319153      0.0133064      0.0133064      0.0133064      0.0135434      0.0088559      0.0162789
    323.6365662      0.0127714      0.0127714      0.0127714      0.0130162      0.0084797      0.0157464
    327.3841248      0.0122564      0.0122564      0.0122564      0.0125077      0.0081191      0.0152278
    331.1750488      0.0117608      0.0117608      0.0117608      0.0120171      0.0077735      0.0147230
    335.0098877      0.0112839      0.0112839      0.0112839      0.0115440      0.0074422      0.0142318
    338.8890991      0.0108252      0.0108252      0.0108252      0.0110875      0.0071247      0.0137538
    342.8132629      0.0103839      0.0103839      0.0103839      0.0106467      0.0068204      0.0132891
    346.7828064      0.0099596      0.0099596      0.0099596      0.0102207      0.0065289      0.0128182
    350.7984009      0.0095516      0.0095516      0.0095516      0.0098086      0.0062495      0.0123384
    354.8604126      0.0091594      0.0091594      0.0091594      0.0094097      0.0059819      0.0118515
    358.9695129      0.0087824      0.0087824      0.0087824      0.0090235      0.0057254      0.0113592
    363.1261902      0.0084201      0.0084201      0.0084201      0.0086496      0.0054797      0.0108630
    367.3309937      0.0080719      0.0080719      0.0080719      0.0082878      0.0052444      0.0103834
    371.5844727      0.0077374      0.0077374      0.0077374      0.0079379      0.0050189      0.0099244
    375.8872375      0.0074161      0.0074161      0.0074161      0.0076001      0.0048030      0.0094850
    380.2397766      0.0071075      0.0071075      0.0071075      0.0072749      0.0045961      0.0090646
    384.6427612      0.0068111      0.0068111      0.0068111      0.0069623      0.0043980      0.0086623
    389.0966797      0.0065265      0.0065265      0.0065265      0.0066626      0.0042083      0.0082774
    393.6022339      0.0062532      0.0062532      0.0062532      0.0063758      0.0040266      0.0079091
    398.1599121      0.0059910      0.0059910      0.0059910      0.0061014      0.0038526      0.0075568
    402.7703857      0.0057392      0.0057392      0.0057392      0.0058384      0.0036860      0.0072197
    407.4342346      0.0054976      0.0054976      0.0054976      0.0055863      0.0035265      0.0068973
    412.1520996      0.0052657      0.0052657      0.0052657      0.0053441      0.0033737      0.0065889
    416.9246216      0.0050432      0.0050432      0.0050432      0.0051113      0.0032275      0.0062940
    421.7524109      0.0048298      0.0048298      0.0048298      0.0048872      0.0030875      0.0060119
    426.6360779      0.0046251      0.0046251      0.0046251      0.0046716      0.0029534      0.0057423
    431.5763245      0.0044287      0.0044287      0.0044287      0.0044644      0.0028248      0.0054844
    436.5737610      0.0042404      0.0042404      0.0042404      0.0042655      0.0027012      0.0052378
    441.6289978      0.0040598      0.0040598      0.0040598      0.0040747      0.0025826      0.0050021
    446.7428589      0.0038867      0.0038867      0.0038867      0.0038920      0.0024688      0.0047768
    451.9158630      0.0037207      0.0037207      0.0037207      0.0037172      0.0023596      0.0045614
    457.1488342      0.0035615      0.0035615      0.0035615      0.0035502      0.0022551      0.0043555
    462.4423218      0.0034090      0.0034090      0.0034090      0.0033904      0.0021553      0.0041587
    467.7971802      0.0032628      0.0032628      0.0032628      0.0032377      0.0020598      0.0039707
    473.2139893      0.0031226      0.0031226      0.0031226      0.0030917      0.0019685      0.0037909
    478.6935425      0.0029884      0.0029884      0.0029884      0.0029522      0.0018812      0.0036192
    484.2365417      0.0028597      0.0028597      0.0028597      0.0028189      0.0017977      0.0034551
    489.8437500      0.0027364      0.0027364      0.0027364      0.0026914      0.0017179      0.0032983
    495.5158386      0.0026184      0.0026184      0.0026184      0.0025697      0.0016417      0.0031484
    501.2536621      0.0025052      0.0025052      0.0025052      0.0024534      0.0015688      0.0030053
    507.0578918      0.0023969      0.0023969      0.0023969      0.0023423      0.0014991      0.0028686
    512.9293823      0.0022931      0.0022931      0.0022931      0.0022361      0.0014324      0.0027379
    518.8687744      0.0021937      0.0021937      0.0021937      0.0021347      0.0013687      0.0026131
    524.8770142      0.0020985      0.0020985      0.0020985      0.0020379      0.0013079      0.0024938
    530.9547729      0.0020074      0.0020074      0.0020074      0.0019454      0.0012497      0.0023800
    537.1029663      0.0019201      0.0019201      0.0019201      0.0018571      0.0011941      0.0022713
    543.3222656      0.0018365      0.0018365      0.0018365      0.0017728      0.0011409      0.0021675
    549.6136475      0.0017565      0.0017565      0.0017565      0.0016923      0.0010901      0.0020684
    555.9779053      0.0016799      0.0016799      0.0016799      0.0016155      0.0010415      0.0019736
    562.4158936      0.0016066      0.0016066      0.0016066      0.0015422      0.0009951      0.0018832
    568.9283447      0.0015365      0.0015365      0.0015365      0.0014721      0.0009507      0.0017968
    575.5162354      0.0014693      0.0014693      0.0014693      0.0014053      0.0009084      0.0017143
    582.1804810      0.0014050      0.0014050      0.0014050      0.0013415      0.0008679      0.0016356
    588.9217529      0.0013435      0.0013435      0.0013435      0.0012807      0.0008291      0.0015605
    595.7411499      0.0012847      0.0012847      0.0012847      0.0012226      0.0007922      0.0014888
    602.6394653      0.0012283      0.0012283      0.0012283      0.0011672      0.0007568      0.0014203
    609.6177368      0.0011744      0.0011744      0.0011744      0.0011143      0.0007230      0.0013549
    616.6767578      0.0011229      0.0011229      0.0011229      0.0010639      0.0006907      0.0012925
    623.8175659      0.0010735      0.0010735      0.0010735      0.0010158      0.0006599      0.0012329
    631.0409546      0.0010263      0.0010263      0.0010263      0.0009699      0.0006304      0.0011760
    638.3480835      0.0009812      0.0009812      0.0009812      0.0009261      0.0006022      0.0011217
    645.7398071      0.0009380      0.0009380      0.0009380      0.0008844      0.0005753      0.0010700
    653.2171631      0.0008967      0.0008967      0.0008967      0.0008446      0.0005496      0.0010205
    660.7810059      0.0008571      0.0008571      0.0008571      0.0008066      0.0005250      0.0009734
    668.4324951      0.0008193      0.0008193      0.0008193      0.0007704      0.0005016      0.0009284
    676.1725464      0.0007832      0.0007832      0.0007832      0.0007358      0.0004791      0.0008854
    684.0022583      0.0007486      0.0007486      0.0007486      0.0007029      0.0004577      0.0008444
    691.9226074      0.0007155      0.0007155      0.0007155      0.0006714      0.0004372      0.0008053
    699.9346924      0.0006839      0.0006839      0.0006839      0.0006414      0.0004177      0.0007680
    708.0395508      0.0006536      0.0006536      0.0006536      0.0006126      0.0003990      0.0007324
    716.2382812      0.0006247      0.0006247      0.0006247      0.0005852      0.0003811      0.0006984
    724.5318604      0.0005971      0.0005971      0.0005971      0.0005590      0.0003640      0.0006660
    732.9216309      0.0005706      0.0005706      0.0005706      0.0005340      0.0003477      0.0006351
    741.4084473      0.0005453      0.0005453      0.0005453      0.0005101      0.0003322      0.0006057
    749.9935913      0.0005212      0.0005212      0.0005212      0.0004872      0.0003173      0.0005775
    758.6781616      0.0004981      0.0004981      0.0004981      0.0004654      0.0003031      0.0005507
    767.4632568      0.0004760      0.0004760      0.0004760      0.0004445      0.0002895      0.0005251
    776.3500977      0.0004548      0.0004548      0.0004548      0.0004246      0.0002765      0.0005006
    785.3397827      0.0004346      0.0004346      0.0004346      0.0004056      0.0002641      0.0004773
    794.4335938      0.0004154      0.0004154      0.0004154      0.0003874      0.0002523      0.0004551
    803.6326904      0.0003970      0.0003970      0.0003970      0.0003701      0.0002410      0.0004338
    812.9383545      0.0003794      0.0003794      0.0003794      0.0003536      0.0002302      0.0004136
    822.3516235      0.0003627      0.0003627      0.0003627      0.0003379      0.0002199      0.0003943
    831.8740845      0.0003467      0.0003467      0.0003467      0.0003229      0.0002100      0.0003760
    841.5066528      0.0003314      0.0003314      0.0003314      0.0003085      0.0002006      0.0003585
    851.2509155      0.0003168      0.0003168      0.0003168      0.0002948      0.0001916      0.0003420
    861.1078491      0.0003029      0.0003029      0.0003029      0.0002818      0.0001830      0.0003264
    871.0790405      0.0002896      0.0002896      0.0002896      0.0002693      0.0001748      0.0003117
    881.1656494      0.0002768      0.0002768      0.0002768      0.0002573      0.0001669      0.0002978
    891.3690796      0.0002646      0.0002646      0.0002646      0.0002459      0.0001595      0.0002847
    901.6906128      0.0002530      0.0002530      0.0002530      0.0002351      0.0001523      0.0002722
    912.1317139      0.0002419      0.0002419      0.0002419      0.0002247      0.0001455      0.0002603
    922.6936035      0.0002312      0.0002312      0.0002312      0.0002147      0.0001389      0.0002488
    933.3779297      0.0002211      0.0002211      0.0002211      0.0002052      0.0001326      0.0002378
    944.1859131      0.0002114      0.0002114      0.0002114      0.0001962      0.0001264      0.0002273
    955.1190796      0.0002021      0.0002021      0.0002021      0.0001875      0.0001205      0.0002172
    966.1788330      0.0001932      0.0001932      0.0001932      0.0001792      0.0001147      0.0002076
    977.3666992      0.0001848      0.0001848      0.0001848      0.0001713      0.0001092      0.0001984
    986.3681641      0.0001767      0.0001767      0.0001767      0.0001638      0.0001049      0.0001912
    995.4739380      0.0001689      0.0001689      0.0001689      0.0001566      0.0001008      0.0001844
   1004.6851196      0.0001616      0.0001616      0.0001616      0.0001497      0.0000968      0.0001778
   1014.0030518      0.0001545      0.0001545      0.0001545      0.0001431      0.0000931      0.0001715
   1023.4287109      0.0001477      0.0001477      0.0001477      0.0001369      0.0000896      0.0001655
   1035.2795410      0.0001413      0.0001413      0.0001413      0.0001309      0.0000853      0.0001581
   1047.2674561      0.0001351      0.0001351      0.0001351      0.0001251      0.0000812      0.0001510
   1059.3942871      0.0001292      0.0001292      0.0001292      0.0001197      0.0000773      0.0001443
   1071.6613770      0.0001236      0.0001236      0.0001236      0.0001144      0.0000736      0.0001378
   1084.0706787      0.0001183      0.0001183      0.0001183      0.0001094      0.0000700      0.0001317
   1096.6235352      0.0001131      0.0001131      0.0001131      0.0001047      0.0000667      0.0001258
   1109.3218994      0.0001082      0.0001082      0.0001082      0.0001001      0.0000635      0.0001201
   1122.1672363      0.0001035      0.0001035      0.0001035      0.0000958      0.0000604      0.0001147
   1135.1612549      0.0000991      0.0000991      0.0000991      0.0000916      0.0000574      0.0001096
   1148.3057861      0.0000948      0.0000948      0.0000948      0.0000876      0.0000547      0.0001047
   1161.6025391      0.0000907      0.0000907      0.0000907      0.0000839      0.0000520      0.0001000
   1175.0532227      0.0000868      0.0000868      0.0000868      0.0000802      0.0000495      0.0000955
   1188.6597900      0.0000831      0.0000831      0.0000831      0.0000768      0.0000472      0.0000912
   1202.4237061      0.0000795      0.0000795      0.0000795      0.0000735      0.0000449      0.0000871
   1216.3471680      0.0000761      0.0000761      0.0000761      0.0000703      0.0000427      0.0000832
   1230.4317627      0.0000728      0.0000728      0.0000728      0.0000673      0.0000406      0.0000794
   1244.6795654      0.0000697      0.0000697      0.0000697      0.0000644      0.0000387      0.0000758
   1259.0921631      0.0000667      0.0000667      0.0000667      0.0000616      0.0000368      0.0000724
   1273.6717529      0.0000637      0.0000637      0.0000637      0.0000589      0.0000350      0.0000691
   1288.4201660      0.0000609      0.0000609      0.0000609      0.0000563      0.0000333      0.0000660
   1303.3393555      0.0000000      0.0000000      0.0000000      0.0000000      0.0000317      0.0000630
   1318.4313965      0.0000000      0.0000000      0.0000000      0.0000000      0.0000302      0.0000601
   1333.6982422      0.0000000      0.0000000      0.0000000      0.0000000      0.0000287      0.0000574
   1349.1417236      0.0000000      0.0000000      0.0000000      0.0000000      0.0000273      0.0000548
   1364.7641602      0.0000000      0.0000000      0.0000000      0.0000000      0.0000260      0.0000523
   1380.5673828      0.0000000      0.0000000      0.0000000      0.0000000      0.0000247      0.0000500
   1396.5535889      0.0000000      0.0000000      0.0000000      0.0000000      0.0000235      0.0000477
   1412.7249756      0.0000000      0.0000000      0.0000000      0.0000000      0.0000224      0.0000455
   1429.0833740      0.0000000      0.0000000      0.0000000      0.0000000      0.0000212      0.0000434
   1445.6314697      0.0000000      0.0000000      0.0000000      0.0000000      0.0000202      0.0000414
   1462.3709717      0.0000000      0.0000000      0.0000000      0.0000000      0.0000193      0.0000396
   1479.3045654      0.0000000      0.0000000      0.0000000      0.0000000      0.0000183      0.0000378
   1496.4339600      0.0000000      0.0000000      0.0000000      0.0000000      0.0000174      0.0000361
   1513.7619629      0.0000000      0.0000000      0.0000000      0.0000000      0.0000166      0.0000344
   1531.2904053      0.0000000      0.0000000      0.0000000      0.0000000      0.0000158      0.0000328
   1549.0219727      0.0000000      0.0000000      0.0000000      0.0000000      0.0000150      0.0000313
   1566.9586182      0.0000000      0.0000000      0.0000000      0.0000000      0.0000143      0.0000299
   1584.8933105      0.0000000      0.0000000      0.0000000      0.0000000      0.0000135      0.0000285
   1603.2451172      0.0000000      0.0000000      0.0000000      0.0000000      0.0000129      0.0000272
