Monte Carlo Parameter Chain
Iteration, P, Q, Chi-Square
0 -6.824139 3.646074 582.218568 
1 -6.914623 3.645428 583.338671 
2 -7.005318 3.623014 583.723765 
3 -6.955285 3.582799 587.884433 
4 -6.853760 3.597935 610.674307 
5 -6.889786 3.630799 610.367574 
6 -6.681188 3.469240 585.000170 
7 -6.786532 3.667598 597.707483 
8 -6.798162 3.588083 620.918393 
9 -6.663378 3.512799 577.310333 
10 -6.709378 3.421642 610.825198 
11 -6.567368 3.575508 597.422330 
12 -6.466278 3.535015 592.354023 
13 -6.526445 3.490231 573.679394 
14 -6.447666 3.430122 586.779049 
15 -6.569405 3.604791 577.695145 
16 -6.602505 3.622515 583.937032 
17 -6.464697 3.697131 538.310594 
18 -6.402801 3.758710 512.664191 
19 -6.485458 3.706812 509.835901 
20 -6.340890 3.766003 543.712491 
21 -6.340405 3.884476 547.156180 
22 -6.335728 3.811551 550.659089 
23 -6.312277 3.828468 545.707239 
24 -6.282389 3.787140 535.630238 
25 -6.183470 3.874886 591.433363 
26 -6.370992 3.834873 540.343533 
27 -6.362822 3.797855 551.137394 
28 -6.234447 3.827339 599.474580 
29 -6.268537 3.843861 590.835808 
30 -6.344205 3.803512 528.257982 
31 -6.375085 3.859070 547.445729 
32 -6.419912 3.836327 551.187472 
33 -6.284239 3.819271 573.844203 
34 -6.377183 3.951755 559.215942 
35 -6.368862 3.729443 528.070697 
36 -6.418319 3.629480 549.997977 
37 -6.429191 3.710952 521.570696 
38 -6.538460 3.892794 554.162311 
39 -6.710954 3.869528 552.891168 
40 -6.819626 3.760561 598.910415 
41 -6.732048 3.806873 546.247388 
42 -6.845051 3.738947 614.645949 
43 -6.812159 3.830882 602.535818 
44 -6.827904 3.916231 556.701536 
45 -6.825120 4.160882 545.573730 
46 -6.818435 4.020644 551.159760 
47 -6.922806 3.909903 610.141154 
48 -6.922336 3.785653 549.829097 
49 -6.930097 3.707276 610.818526 
50 -7.000960 3.553551 627.697169 
51 -6.994404 3.407573 542.492299 
52 -6.988492 3.646267 616.349490 
53 -7.022820 3.709314 598.723382 
54 -6.933314 3.758164 600.928575 
55 -6.924833 3.849760 567.064748 
56 -7.025235 3.893955 596.608375 
57 -7.068778 4.002003 563.561831 
58 -7.155576 3.900081 614.000241 
59 -7.004768 3.742017 602.756638 
60 -7.123760 3.570643 588.913761 
61 -7.017345 3.620611 600.817559 
62 -7.126564 3.680483 566.445864 
63 -7.148549 3.805597 640.056175 
64 -7.205326 3.998205 587.628695 
65 -6.991918 3.846498 599.432111 
66 -6.793943 3.606820 565.047639 
67 -6.585454 3.649983 598.461169 
68 -6.622560 3.594871 576.176193 
69 -6.581443 3.604297 582.166612 
70 -6.745696 3.699475 561.547046 
71 -6.661048 3.749224 576.211246 
72 -6.809306 3.903908 592.394409 
73 -6.821048 3.989861 602.480078 
74 -6.752667 4.024069 589.119631 
75 -6.729061 4.034339 504.675291 
76 -6.868012 4.079496 564.867563 
77 -6.899389 3.969369 580.639855 
78 -6.922794 3.920557 590.542822 
79 -6.810080 3.766801 585.758151 
80 -6.818693 3.777189 588.855231 
81 -6.964891 3.717707 588.243017 
82 -7.017469 3.534179 572.166641 
83 -6.919149 3.507654 563.435972 
84 -6.819491 3.724384 580.121820 
85 -6.778136 3.615484 592.113605 
86 -6.901150 3.648468 578.771257 
87 -6.776329 3.638795 596.634815 
88 -6.774141 3.743795 592.674727 
89 -6.943547 3.874181 562.133049 
90 -6.960152 3.837583 545.435065 
91 -6.963425 3.880997 567.577385 
92 -7.020109 3.968296 583.635742 
93 -6.955528 4.069541 583.614774 
94 -7.141235 4.203404 518.864656 
95 -7.221036 4.149609 558.911084 
96 -7.168576 4.223214 521.694917 
97 -7.320325 4.189944 576.286600 
98 -7.205432 4.220173 488.632225 
99 -7.080205 4.197943 494.968600 
100 -7.232163 4.205688 548.103133 
101 -7.173282 4.418837 524.461655 
102 -6.966163 4.144932 551.757511 
103 -6.864324 4.101506 541.063896 
104 -6.967911 4.398605 542.911462 
105 -6.964220 4.477710 425.915890 
106 -6.676547 4.500663 465.291560 
107 -6.760669 4.477971 464.544192 
108 -6.798305 4.551871 463.599549 
109 -6.769942 4.639240 417.661583 
110 -6.801169 4.606182 435.391952 
111 -6.638383 4.560861 437.503376 
112 -6.649775 4.523990 427.763310 
113 -6.592807 4.670910 380.540393 
114 -6.825098 4.842904 412.398768 
115 -6.932806 4.791425 487.045368 
116 -6.806320 4.862426 340.254979 
117 -6.874865 4.878635 379.753239 
118 -6.935197 5.088542 395.846569 
119 -7.076190 5.329766 346.514217 
120 -7.194922 5.307263 323.922610 
121 -7.133220 5.180710 313.911141 
122 -7.045259 5.236447 332.613367 
123 -6.972224 5.278963 324.797919 
124 -7.090521 5.434842 375.726366 
125 -7.032417 5.386301 310.982952 
126 -6.939363 5.559144 389.801295 
127 -7.031789 5.754454 379.470843 
128 -7.143053 5.692690 354.664288 
129 -7.156521 5.722146 357.634735 
130 -7.362440 5.770282 353.384695 
131 -7.362590 5.612602 400.144423 
132 -7.464224 5.641248 377.718533 
133 -7.446938 5.860971 376.225536 
134 -7.404902 5.989715 391.897244 
135 -7.383543 6.093136 357.540586 
136 -7.281923 6.251427 407.897785 
137 -7.356996 6.346244 442.866986 
138 -7.444022 6.410920 462.588568 
139 -7.388012 6.569893 564.448216 
140 -7.253550 6.558407 565.054994 
141 -7.330156 6.679369 587.187371 
142 -7.352477 6.510370 496.778567 
143 -7.234752 6.585555 582.989224 
144 -7.037696 6.703945 659.011429 
145 -7.067906 6.718803 654.317132 
146 -6.876396 6.938762 790.884001 
147 -6.699617 6.816876 806.867829 
148 -6.727842 6.962873 886.983543 
149 -6.880048 6.889539 751.932566 
150 -6.751015 6.971854 878.495637 
151 -6.761054 7.006553 866.229127 
152 -6.740511 7.067055 955.062988 
153 -6.722894 7.043418 950.001008 
154 -6.769997 7.091614 954.169420 
155 -6.725584 7.010947 944.076779 
156 -6.762970 6.974123 901.476284 
157 -6.744836 7.035294 922.139023 
158 -6.571023 7.251014 1155.429139 
159 -6.360424 7.152129 1197.436780 
160 -6.363473 7.211788 1277.114811 
161 -6.289952 7.189156 1278.757686 
162 -6.374012 7.234529 1214.963030 
163 -6.421298 7.304087 1304.785826 
164 -6.420093 7.338303 1296.278580 
165 -6.357271 7.238412 1239.078238 
166 -6.385295 7.229615 1241.596008 
167 -6.233172 7.056253 1245.576412 
168 -6.161314 7.099677 1287.182289 
169 -6.114570 6.934494 1155.579215 
170 -6.070754 6.867157 1186.767674 
171 -6.041524 6.955477 1208.121412 
172 -5.943865 6.972762 1317.529425 
173 -5.941530 6.944823 1299.483389 
174 -5.980934 7.027094 1368.074412 
175 -6.029677 6.977428 1193.991679 
176 -6.186297 7.056924 1284.792255 
177 -6.208486 7.036511 1206.141659 
178 -6.143204 6.930376 1114.804211 
179 -5.978417 6.941252 1241.602443 
180 -5.911231 7.000493 1326.713178 
181 -5.883969 6.917383 1294.324598 
182 -6.000383 7.114752 1383.275053 
183 -6.096381 7.036301 1245.813879 
184 -6.119668 6.974646 1187.235627 
185 -6.078366 6.718473 1094.907653 
186 -6.052092 6.769794 1103.879203 
187 -6.041273 6.738632 1075.496799 
188 -6.187119 6.756941 1048.845057 
189 -6.304696 6.818475 971.301790 
190 -6.323112 6.893240 968.402136 
191 -6.430178 6.776905 903.772240 
192 -6.533379 6.691315 865.892151 
193 -6.492711 6.574508 750.056694 
194 -6.644704 6.609237 727.846564 
195 -6.818151 6.631642 692.974973 
196 -6.709269 6.635486 734.740671 
197 -6.903279 6.624551 657.966328 
198 -6.690170 6.688731 795.967207 
199 -6.660065 6.645927 761.438973 
