ID  L8    z    flx24 R      
34 12.28 1.37 5.42 21.0500 34 259.2861 59.22809 17:17:08.663 +59:13:41.13  21.0500 5.42 0.06
39 12.81 2.45 5.10 23.2700 39 259.46102 58.79587 17:17:50.645 +58:47:45.12 23.2700 5.10 0.07
42 12.56 1.95 4.96 25.5 42   259.493683 59.471382 171758.491 +592816.97 25.5 4.96 go1-42 
55 11.34 0.79 4.13 20.7400 55 258.7774 58.66097 17:15:06.576 +58:39:39.49  20.7400 4.13 0.06
78 12.64 2.65 3.20 25.5 78   258.909119 59.427895 171538.188 +592540.42 25.5 3.20 go1-78 
110 11.38 1.00 1.81 22.98 110   258.064209 58.874489 171215.409 +585228.16 22.98 1.81 go1110 
133 11.09 0.90 2.15 22.12 133   258.640442 59.355389 171433.706 +592119.41 22.12 2.15 go1-133 
168 9.90 0.24 1.82 20.1800 168 259.47949 59.47921 17:17:55.077 +59:28:45.15 20.1800 1.82 0.06
213 11.65 1.27 1.65 23.4200 213 258.3987 59.456 17:13:35.687 +59:27:21.61    23.4200 1.65 0.06
224 11.77 1.46 1.57 20.5400 224 259.23245 59.42776 17:16:55.787 +59:25:39.92 20.5400 1.57 0.06
268 11.97 1.69 1.48 22.9300 268 258.03697 59.50693 17:12:08.874 +59:30:24.93 22.9300 1.48 0.06
277 11.35 1.07 1.43 21.3000 277 258.58635 58.91742 17:14:20.725 +58:55:02.70 21.3000 1.43 0.06
279 11.39 1.23 1.43 24.15 279  258.071106 58.802967 171217.065 +584810.69 24.15 1.43 go1-279 
283 11.23 0.94 1.36 22.65 283  258.742798 59.403194 171458.270 +592411.49 22.65 1.36 go1-283
289 11.90 1.86 1.45 23.74 289  258.458435 58.949169 171350.023 +585657.00 23.74 1.45 go1-289 
298 12.46 3.48 1.37 25.5 298 258.70333 59.47978 17:14:48.799 +59:28:47.20 25.5    1.37 0.06
324 11.27 0.95 1.23 20.7900 324 259.31549 59.10091 17:17:15.718 +59:06:03.27 20.7900 1.23 0.06
331 11.31 1.03 1.32 22.0400 331 258.77397 59.30561 17:15:05.752 +59:18:20.20 22.0400 1.32 0.07
350 11.27 0.95 1.15 22.8500 350 258.96129 59.38763 17:15:50.710 +59:23:15.46 22.8500 1.15 0.06
358 11.30 0.80 1.11 22.2400 358 259.52951 59.49367 17:18:07.083 +59:29:37.22 22.2400 1.11 0.05
369 10.58 0.70 1.13 22.3200 369 258.71184 59.44252 17:14:50.841 +59:26:33.09 22.3200 1.13 0.06
394 11.32 0.92 1.10 22.0800 394 258.31516 59.20234 17:13:15.638 +59:12:08.42 22.0800 1.10 0.06
397 11.63 1.38 1.12 23.8000 397 258.77442 59.15471 17:15:05.861 +59:09:16.97 23.8000 1.12 0.06
419 10.92 0.79 1.06 22.8500 419 258.9383 59.09408 17:15:45.192 +59:05:38.69  22.8500 1.06 0.06
429 11.83 2.15 1.10 24.30 429  259.049347 59.203655 171611.842 +591213.16 24.30 1.10 go1-429 
446 11.78 1.68 1.03 21.8200 446 258.53784 59.29678 17:14:09.081 +59:17:48.40 21.8200 1.03 0.06
463 12.16 2.44 1.11 25.5 463 258.68839 58.91531 17:14:45.214 +58:54:55.10 25.5 1.11 0.06
472 11.19 0.90 1.03 22.2100 472 259.56937 59.32658 17:18:16.648 +59:19:35.68 22.2100 1.03 0.06
488 10.98 0.69 1.08 21.1600 488 258.79937 58.82623 17:15:11.848 +58:49:34.43 21.1600 1.08 0.06
495 10.68 0.75 1.05 21.8400 495 258.6376 58.97219 17:14:33.024 +58:58:19.88  21.8400 1.05 0.06
505 11.75 1.65 1.00 24.91000 505 258.9971 59.45922 17:15:59.303 +59:27:33.18  24.91000 1.00 0.06
509 11.93 2.30 0.98 25.5 509 258.59188 59.47058 17:14:22.052 +59:28:14.10 25.5 0.98 0.06
512 11.17 1.02 0.901 23.2100 512 259.23186 59.17954 17:16:55.646 +59:10:46.35 23.2100 0.901 0.06
521 11.94 2.08 1.00 25.5 521 258.42225 58.95104 17:13:41.340 +58:57:03.73 25.5 1.00 0.06
532 11.98 1.53 0.98 22.7000 532 258.85852 58.94243 17:15:26.044 +58:56:32.76 22.7000 0.98 0.06
537 10.30 0.39 0.94 20.5100 537 259.49708 59.36556 17:17:59.298 +59:21:56.00 20.5100 0.94 0.06
542 11.11 0.91 0.90 22.0600 542 258.19035 59.53732 17:12:45.683 +59:32:14.36 22.0600 0.90 0.05
544 11.09 0.96 0.91 23.0300 544 258.28198 58.73694 17:13:07.676 +58:44:13.00 23.0300 0.91 0.06
546 11.54 1.09 0.93 22.0800 546 258.067 59.18951 17:12:16.079 +59:11:22.25   22.0800 0.93 0.06
549 11.13 0.95 0.98 21.5400 549 259.12014 59.48911 17:16:28.833 +59:29:20.80 21.5400 0.98 0.05
562 10.83 0.55 1.01 20.9000 562 258.16513 58.99864 17:12:39.631 +58:59:55.12 20.9000 1.01 0.06
7985 13.03 2.78 4.87 22.5700 7985 258.35617 60.12231 17:13:25.480 +60:07:20.32 22.5700 4.87 0.06
8034 11.34 0.95 3.03 22.10 8034   258.042847 60.316132 171210.276 +601858.07 22.10 3.03 go1-8034 
8040 11.38 0.76 2.88 25.5 8040 258.30022 60.14452 17:13:12.053 +60:08:40.26 25.5 2.88 0.07
8069 11.26 0.70 2.33 20.0500 8069 258.7515 59.93653 17:15:00.361 +59:56:11.50  20.0500 2.33 0.03
8071 11.50 0.98 2.38 22.100 8071 258.18101 60.11393 17:12:43.443 +60:06:50.14 22.100 2.38 0.06
8107 11.34 0.94 1.84 22.1700 8107 259.16105 59.82901 17:16:38.652 +59:49:44.42 22.1700 1.84 0.03
8121 11.75 1.27 1.89 23.4300 8121 258.34527 60.17901 17:13:22.864 +60:10:44.44 23.4300 1.89 0.06
8157 11.99 1.70 1.66 25.500 8157 259.66924 60.15979 17:18:40.617 +60:09:35.26 25.500 1.66 0.06
8172 12.0 1.7557 1.46 23.0600 8172 259.20476 59.82184 17:16:49.142 +59:49:18.64 23.0600 1.46 0.03
8179 10.54 0.60 1.53 20.8700 8179 259.0622 60.22565 17:16:14.929 +60:13:32.34  20.8700 1.53 0.06
8184 11.36 0.99 1.65 22.33 8184   258.111603 59.99823  171226.776 +595953.63 22.33 1.65 go1-8184 
8196 12.50 2.60 1.50 22.45 8196   258.792603 60.165356 171510.225 +600955.27 22.45 1.50 go1-8196 
8204 11.34 0.85 1.39 22.8300 8204 258.67029 59.97191 17:14:40.869 +59:58:18.88 22.8300 1.39 0.03
8207 11.12 0.84 1.52 22.11 8207   258.70224  59.778118  171448.538 +594641.22 22.11 1.52 go1-8207 
8226 12.11 2.15 1.42 20.9500 8226 258.01933 60.27549 17:12:04.638 +60:16:31.77 20.9500 1.42 0.06
8233 11.21 0.9911 1.32 21.9200 8233 259.38141 59.6761 17:17:31.538 +59:40:33.95  21.9200 1.32 0.03
8242 12.28 2.45 1.31 22.72 8242   258.638031 59.653053 171433.127 +593910.99 22.72 1.31 go1-8242 
8245 12.31 2.70 1.33 25.5 8245   258.901428 59.60405  171536.343 +593614.59 25.5 1.33 go1-8245 
8251 12.05 1.93 1.31 23.2200 8251 258.09015 60.05934 17:12:21.635 +60:03:33.63 23.2200 1.31 0.06
8253 11.26 0.98 1.25 21.7800 8253 258.78242 60.23133 17:15:07.780 +60:13:52.80 21.7800 1.25 0.06
8268 10.91 0.80 1.24 22.36 8268   259.102844 59.63118  171624.682 +593752.25 22.36 1.24 go1-8268 
8308 10.32 0.36 1.26 20.2900 8308 259.14328 60.26213 17:16:34.387 +60:15:43.67 20.2900 1.26 0.06
8311 11.50 1.18 1.17 22.0800 8311 258.86558 60.12398 17:15:27.740 +60:07:26.31 22.0800 1.17 0.06
8325 10.75 0.61 1.13 21.0500 8325 259.18213 60.33702 17:16:43.711 +60:20:13.28 21.0500 1.13 0.06
8328 11.22 1.01 1.14 22.3300 8328 259.02798 59.74856 17:16:06.715 +59:44:54.81 22.3300 1.14 0.03
8342 11.75 1.60 1.17 23.51 8342  258.547943 60.185944 171411.506 +601109.39 23.51 1.17 go1-8342 
8360 11.74 1.51 1.04 22.0700 8360 259.21846 59.59224 17:16:52.430 +59:35:32.05 22.0700 1.04 0.03
8371 10.39 0.35 1.12 20.01 8371 258.35435 59.76596 17:13:25.045 +59:45:57.45 20.01      1.12 0.06
8375 11.15 0.88 1.16 21.5000 8375 258.64044 59.87271 17:14:33.706 +59:52:21.77 21.5000 1.16 0.03
8377 11.08 0.90 1.03 22.1700 8377 259.38965 59.77791 17:17:33.516 +59:46:40.46 22.1700 1.03 0.03
8384 11.23 0.92 1.09 22.3900 8384 259.19847 60.29924 17:16:47.634 +60:17:57.25 22.3900 1.09 0.06
8387 11.23 0.93 1.06 21.4200 8387 259.51173 60.25613 17:18:02.816 +60:15:22.06 21.4200 1.06 0.06
8388 11.44 1.15 1.05 21.4200 8388 258.50181 60.23594 17:14:00.434 +60:14:09.38 21.4200 1.05 0.06
8392 11.93 1.90 1.01 25.500 8392 258.43301 59.95395 17:13:43.923 +59:57:14.21 25.500 1.01 0.06
8401 10.80 0.56 1.02 20.4200 8401 258.16033 59.70927 17:12:38.480 +59:42:33.37 20.4200 1.02 0.06
8405 11.52 1.17 1.05 21.2800 8405 258.86553 60.29197 17:15:27.728 +60:17:31.08 21.2800 1.05 0.06
8407 11.00 0.89 1.00 24.2600 8407 259.05371 60.33025 17:16:12.891 +60:19:48.90 24.2600 1.00 0.06
8409 11.10 0.90 1.09 21.8300 8409 259.39996 60.2611 17:17:35.991 +60:15:39.96  21.8300 1.09 0.06
8411 11.92 2.06 0.97 23.6900 8411 258.51386 60.28237 17:14:03.327 +60:16:56.53 23.6900 0.97 0.06
8413 12.00 2.17 0.97 25.5 8413 258.9404 59.86563 17:15:45.695 +59:51:56.25  25.5 0.97 0.03
8424 11.66 1.57 1.10 22.9500 8424 259.09134 59.94773 17:16:21.922 +59:56:51.82 22.9500 1.10 0.04
8430 10.82 0.67 0.97 22.0300 8430 258.38858 60.17203 17:13:33.260 +60:10:19.30 22.0300 0.97 0.06
8450 11.37 1.01 0.96 21.3800 8450 259.60803 59.89813 17:18:25.928 +59:53:53.25 21.3800 0.96 0.06
8462 11.20 1.01 0.99 21.6400 8462 258.28981 60.13775 17:13:09.554 +60:08:15.90 21.6400 0.99 0.06
8477 11.76 1.80 0.98 22.1600 8477 258.43488 60.25874 17:13:44.372 +60:15:31.45 22.1600 0.98 0.06
8479 11.96 1.38 0.99 24.2300 8479 258.25895 59.91662 17:13:02.148 +59:54:59.83 24.2300 0.99 0.06
8493 11.66 1.80 0.96 23.25 8493  259.521118 60.142426 171805.068 +600832.73 23.25 0.96 go1-8493 
8495 11.52 1.25 0.94 22.7900 8495 258.70392 59.89412 17:14:48.940 +59:53:38.83 22.7900 0.94 0.03
8499 10.87 0.60 0.91 20.5100 8499 258.06876 59.95294 17:12:16.503 +59:57:10.60 20.5100 0.91 0.06
8507 11.02 0.77 0.91 20.8900 8507 258.37428 59.74276 17:13:29.828 +59:44:33.93 20.8900 0.91 0.06
8521 11.73 1.21 0.901 24 8521 258.07893 60.16773 17:12:18.944 +60:10:03.83 24      0.901 0.06
8526 11.12 0.86 0.92 22.4400 8526 259.11832 59.73964 17:16:28.396 +59:44:22.72 22.4400 0.92 0.03
8532 10.95 0.85 0.91 21.7300 8532 259.09702 59.61311 17:16:23.285 +59:36:47.21 21.7300 0.91 0.03
8543 11.10 0.65 0.94 20.6500 8543 259.55232 59.65641 17:18:12.558 +59:39:23.08 20.6500 0.94 0.03
8550 10.78 0.89 0.92 22.6600 8550 259.56083 59.93477 17:18:14.598 +59:56:05.17 22.6600 0.92 0.04
15678 12.29 1.34 8.10 22.1500 15678 260.86837 59.49643 17:23:28.410 +59:29:47.15 22.1500 8.10 0.07
15690 11.60 0.82 5.66 22.200 15690 259.8435 60.24894 17:19:22.439 +60:14:56.18  22.200 5.66 0.07
15755 11.40 0.78 2.74 20.7200 15755 259.64556 59.75943 17:18:34.935 +59:45:33.93 20.7200 2.74 0.03
15771 12.46 2.20 2.53 24.0000 15771 260.04756 59.60023 17:20:11.415 +59:36:00.82 24.0000 2.53 0.03
15776 11.78 1.15 2.51 22.1900 15776 260.21105 59.5484 17:20:50.651 +59:32:54.23  22.1900 2.51 0.06
15796 12.00 1.45 2.26 24.1600 15796 259.68667 60.00726 17:18:44.800 +60:00:26.15 24.1600 2.26 0.06
15840 12.35 2.30 1.96 24.51 15840   259.843262 60.08337 171922.375 +600500.14 24.51 1.96 go115840 
15880 12.08 1.68 1.73 25.5 15880 260.331299 59.971497 17:21:19.511 +59:58:17.39 25.5 1.73 0.05
15897 10.86 0.58 1.76 22.2000 15897 260.07053 59.45916 17:20:16.928 +59:27:32.98 22.2000 1.76 0.05
15928 11.80 1.52 1.53 22.39 15928   259.822662 60.255516 171917.431 +601519.86 22.39 1.53 go1-15928 
15941 11.57 1.23 1.52 23.4400 15941 260.69903 60.16294 17:22:47.766 +60:09:46.60 23.4400 1.52 0.06
15949 12.18 2.15 1.50 22.90 15949   260.288208 60.250343 172109.169 +601501.23 22.90 1.50 go1-15949 
15958 12.04 1.97 1.47 24.87 15958   260.851105 59.415508 172324.265 +592455.82 24.87 1.47 go1-15958 
15977 12.00 1.85 1.44 22.87 15977   259.731995 59.762642 171855.678 +594545.51 22.87 1.44 go1-15977 
15999 10.61 0.60 1.37 22.2700 15999 259.89571 59.71155 17:19:34.970 +59:42:41.58 22.2700 1.37 0.03
16030 11.15 0.98 1.35 22.87 16030  260.001251 60.255806 172000.292 +601520.90 22.87 1.35 go1-16030 
16037 12.03 1.61 1.26 24.3100 16037 260.39098 59.84636 17:21:33.836 +59:50:46.91 24.3100 1.26 0.06
16047 10.65 0.54 1.29 20.9500 16047 260.75598 59.68171 17:23:01.435 +59:40:54.15 20.9500 1.29 0.06
16066 11.47 1.02 1.30 22.1800 16066 260.34851 59.93809 17:21:23.643 +59:56:17.11 22.1800 1.30 0.06
16080 11.98 2.04 1.10 22.86 16080 259.686829 60.021088 171844.839 +600115.92 22.86 1.10 go1-16080 
16099 11.25 0.95 1.24 23.1100 16099 259.90612 60.02362 17:19:37.469 +60:01:25.05 23.1100 1.24 0.06
16113 11.85 1.90 1.08 23.65 16113  260.359955 60.27948  172126.389 +601646.13 23.65 1.08 go1-16113 
16118 12.30 2.70 1.14 25.5 16118 260.56756 59.78347 17:22:16.215 +59:47:00.50 25.5 1.14 0.06
16122 11.90 1.97 1.10 24.12 16122  260.214691 60.030228 172051.526 +600148.82 24.12 1.10 go116122 
16134 11.71 1.48 1.17 23.4400 16134 260.19418 59.62847 17:20:46.604 +59:37:42.50 23.4400 1.17 0.05
16135 10.62 0.61 1.21 22.5100 16135 260.5417 59.66823 17:22:10.007 +59:40:05.63  22.5100 1.21 0.06
16152 11.90 1.89 1.12 23.0100 16152 260.2324 59.59497 17:20:55.775 +59:35:41.90  23.0100 1.12 0.06
16156 10.83 0.72 1.16 21.4700 16156 260.73661 59.51621 17:22:56.787 +59:30:58.36 21.4700 1.16 0.06
16170 10.18 0.33 1.09 20.5200 16170 260.63893 60.25398 17:22:33.343 +60:15:14.34 20.5200 1.09 0.06
16206 10.90 0.91 0.98 25.5 16206 260.29354 60.10232 17:21:10.450 +60:06:08.35 25.5 0.98 0.06
16227 12.04 2.14 1.06 23.9200 16227 259.83408 60.24691 17:19:20.179 +60:14:48.86 23.9200 1.06 0.06
16249 10.68 0.53 0.99 20.4700 16249 260.53486 59.76509 17:22:08.367 +59:45:54.32 20.4700 0.99 0.06
16267 11.74 1.40 1.04 24.3600 16267 259.79295 60.22109 17:19:10.307 +60:13:15.94 24.3600 1.04 0.06
22196 11.51 0.80 4.73 21.0000 22196 260.68814 59.05782 17:22:45.153 +59:03:28.15 21.0000 4.73 0.06
22204 12.53 2.08 4.26 22.48 22204   259.684998 59.333542 171844.407 +592000.75 22.48 4.26 go1-22204 
22248 11.17 0.70 2.98 21.9800 22248 260.01501 59.31878 17:20:03.603 +59:19:07.61 21.9800 2.98 0.07
22277 12.15 1.77 2.45 23.00 22277   259.611267 58.711746 171826.704 +584242.28 23.00 2.45 go1-22277 
22303 12.32 2.34 2.04 25.5 22303   259.703491 58.854214 171848.838 +585115.17 25.5 2.04 go1-22303 
22307 11.14 0.70 2.02 20.5000 22307 259.96425 58.70626 17:19:51.420 +58:42:22.53 20.5000 2.02 0.06
22323 11.68 1.21 1.93 21.6000 22323 260.64216 59.16712 17:22:34.118 +59:10:01.64 21.6000 1.93 0.07
22352 11.16 0.67 1.72 20.5200 22352 260.44865 58.89889 17:21:47.677 +58:53:55.99 20.5200 1.72 0.06
22356 11.58 1.17 1.69 23.3700 22356 260.06065 59.24541 17:20:14.555 +59:14:43.48 23.3700 1.69 0.06
22371 11.96 1.66 1.64 23. 22371 260.75199 59.18553 17:23:00.477 +59:11:07.91 23.     1.64 0.06
22379 10.81 0.65 1.58 20.8700 22379 259.82755 59.01179 17:19:18.611 +59:00:42.44 20.8700 1.58 0.06
22417 12.02 1.96 1.52 22.3600 22417 260.75652 59.25045 17:23:01.564 +59:15:01.63 22.3600 1.52 0.06
22432 12.07 1.61 1.44 22.6000 22432 260.40343 59.26878 17:21:36.823 +59:16:07.60 22.6000 1.44 0.06
22467 10.83 0.80 1.32 22.26 22467  259.689514 58.653847 171845.482 +583913.84 22.26 1.32 go1-22467 
22482 11.91 1.84 1.37 23.72 22482  260.25174  58.991993 172100.416 +585931.18 23.72 1.37 go122482 
22516 11.55 1.30 1.32 22.2600 22516 260.3903 59.12453 17:21:33.671 +59:07:28.31  22.2600 1.32 0.06
22530 11.88 1.96 1.23 23.08 22530  260.763916 59.266689 172303.340 +591600.08 23.08 1.23 go122530 
22536 11.89 1.61 1.28 22.1000 22536 260.28454 59.0211 17:21:08.290 +59:01:15.96  22.1000 1.28 0.06
22548 12.11 2.22 1.28 25.5 22548 260.87695 58.7625 17:23:30.469 +58:45:44.99  25.5 1.28 0.06
22549 11.32 1.05 1.17 23.6400 22549 260.55771 59.29446 17:22:13.850 +59:17:40.07 23.6400 1.17 0.06
22554 11.01 0.82 1.13 22.57 22554  260.249146 59.19051  172059.794 +591125.83 22.57 1.13 go1-22554 
22555 11.85 1.88 1.19 23.7100 22555 260.3791 58.71357 17:21:30.985 +58:42:48.85  23.7100 1.19 0.06
22557 10.94 0.79 1.12 20.8800 22557 260.10622 59.23302 17:20:25.493 +59:13:58.87 20.8800 1.12 0.06
22558 12.57 3.20 1.14 23.67 22558  260.188232 58.872555 172045.175 +585221.21 23.67 1.14 go1-22558 
22600 10.98 0.86 1.07 23.04 22600  260.576447 58.695614 172218.346 +584144.21 23.04 1.07 go1-22600 
22633 12.06 2.36 1.00 23.1200 22633 260.73931 59.26871 17:22:57.435 +59:16:07.34 23.1200 1.00 0.06
22635 10.92 0.80 1.04 22.6400 22635 260.229 59.17777 17:20:54.959 +59:10:39.97   22.6400 1.04 0.06
22638 11.16 1.00 1.04 23.0400 22638 260.47795 58.91011 17:21:54.708 +58:54:36.41 23.0400 1.04 0.06
22651 11.77 1.73 1.07 25.5 22651  259.860535 59.158314 171926.527 +590929.93 25.5 1.07 go1-22651 
22661 11.68 1.80 0.92 24. 22661  259.58197  59.045208 171819.679 +590242.75 24. 0.92 go1-22661 
22690 11.93 2.03 1.01 25.5 22690 259.95406 58.90282 17:19:48.975 +58:54:10.14 25.5 1.01 0.06
22699 12.14 2.59 0.94 25.5 22699  260.197937 59.137493 172047.505 +590814.97 25.5 0.94 go1-22699 
22710 12.18 2.51 0.99 24.2500 22710 260.8688 58.87369 17:23:28.511 +58:52:25.27  24.2500 0.99 0.06
22722 11.82 1.76 0.93 23.3300 22722 259.68895 58.85636 17:18:45.348 +58:51:22.89 23.3300 0.93 0.06
22744 10.35 0.4896 0.86 22.3100 22744 260.88816 59.10852 17:23:33.158 +59:06:30.68 22.3100 0.86 0.06
12506368 11.75 1.16 2.31 23.64 12506368  260.542847 58.771416 172210.276 +584617.10 23.64 2.31 weedmanvla2-12506368-1.16 
12506624 12.29 2.25 1.98 25.5 12506624   259.863739 59.260166 171927.297 +591536.60 25.5 1.98 weedmanvla9-12506624-2.25 
12507648 11.95 1.94 1.03 24.23 12507648  257.96228  58.851147 171150.947 +585104.13 24.23 1.03 weedmanvla5-12507648-1.94 
12508928 12.06 1.98 1.15 23.60 12508928  258.668518 58.684761 171440.444 +584105.13 23.60 1.15 weedmanvla1-12508928-1.98 
12509696 12.19 2.21 1.53 25.5 12509696  260.200043 59.722397 172048.010 +594320.62 25.5 1.53 weedmanvla13-12509696-2.21 
14016000 11.63 0.80 4.84 21.02 14016000   257.94790  58.977775 171147.497 +585839.99 21.02 4.84 lacy14016000-0.8 
14016256 11.29 0.61 4.94 20.69 14016256   258.350677 58.930317 171324.163 +585549.13 20.69 4.94 lacy14016256-0.60958 
14016512 11.52 0.70 8.27 20.56 14016512    259.632111 59.888092 171831.707 +595317.13 20.56 8.27 lacy14016512-0.70000 
14134528 10.47 0.54 1.25 20.58 14134528 260.19519  59.373238 172046.846 +592223.66 20.58 1.25 glg51-14134528-0.53935 
14134784 10.59 0.51 1.65 20.01 14134784  260.323853 58.855518 172117.725 +585119.87 20.01 1.65 glg90-14134784-0.512420 
14135040 10.75 0.56 1.68 20.21 14135040 260.326294 58.767117 172118.310 +584601.62 20.21 1.68 glg142-14135040-0.555360 
14135808 10.76 0.50 1.13 20.64 14135808 258.857208 60.073338 171525.729 +600424.02 20.64 1.13 glg831-14135808-0.500510 
15486976 11.80 1.40 1.18 21.38 15486976 260.368622 60.339111 172128.468 +602020.81 21.38 1.18 borys4-15486976-only
17644032 10.88 0.43 9.41 21.62 17644032   260.210541 59.253407 172050.530 +591512.27 21.62 9.41 fazio17644032-0.43-1.4400
17644288 11.39 0.44 5.90 20.34 17644288  258.381287 58.967926 171331.501 +585804.53 20.34 5.90 fazio17644288-0.436120
19454720 11.78 1.75 0.94 22.82 19454720 260.193085 60.041668 172046.333 +600230.00 22.82 0.94 alejo-ams18-19454720-1.6 
19456000 11.79 1.98 0.84 22.37 19456000 258.623566 59.542721 171429.656 +593233.80 22.37 0.84 alejo-ams08-19456000-1.979 
