#These templates represent the composite sources in the IRS supersample.
#Separate templates are constructed for the lower-z (z<1.2) and higher-z (z>1.2) sources
#These are weighted averages of the best-fit models scaled to the total power output of each source
#For a description of the models used and other details see
#Sajina et al. 2012, ApJ, subm. 
#Please cite the above in any work that makes use of these templates
                   z<1.2      z>1.2
#Wavelength [um]   nuF_nu     nuF_nu
      0.6309574      0.1280855      0.0920954      0.1390796      0.0635643      0.0613334      0.0731739
      0.6382635      0.1283318      0.0928795      0.1409799      0.0636916      0.0614514      0.0736721
      0.6457399      0.1285781      0.0936835      0.1414953      0.0638196      0.0615694      0.0756685
      0.6532171      0.1288245      0.0944877      0.1422830      0.0641252      0.0616875      0.0771767
      0.6607810      0.1294298      0.0953019      0.1427451      0.0645943      0.0618055      0.0789455
      0.6684325      0.1300375      0.0961263      0.1430178      0.0650635      0.0619236      0.0804453
      0.6761726      0.1306477      0.0969606      0.1432905      0.0655329      0.0620417      0.0816265
      0.6840023      0.1312606      0.0978048      0.1435633      0.0660023      0.0621598      0.0824860
      0.6919227      0.1318762      0.0986590      0.1438362      0.0662941      0.0622779      0.0830204
      0.6999348      0.1321357      0.0995228      0.1441091      0.0664229      0.0623960      0.0832266
      0.7080396      0.1323958      0.1003965      0.1443821      0.0665518      0.0625141      0.0833870
      0.7162383      0.1326566      0.1012801      0.1446551      0.0669502      0.0626323      0.0835474
      0.7245320      0.1329180      0.1021732      0.1449282      0.0676249      0.0627505      0.0837080
      0.7329217      0.1331800      0.1030759      0.1452013      0.0685731      0.0628687      0.0838687
      0.7414085      0.1334428      0.1039884      0.1454746      0.0695222      0.0629869      0.0840296
      0.7499936      0.1337064      0.1049103      0.1457479      0.0704722      0.0631052      0.0841905
      0.7586781      0.1339707      0.1058415      0.1460213      0.0711539      0.0632235      0.0843517
      0.7674632      0.1342359      0.1067821      0.1462948      0.0715602      0.0633418      0.0845129
      0.7763500      0.1345021      0.1077320      0.1465685      0.0716940      0.0634602      0.0846743
      0.7853397      0.1347691      0.1086910      0.1468422      0.0718279      0.0635785      0.0848359
      0.7944335      0.1350372      0.1096590      0.1471161      0.0719619      0.0636970      0.0852659
      0.8036326      0.1353064      0.1106360      0.1473901      0.0720959      0.0638154      0.0859877
      0.8129383      0.1355767      0.1116218      0.1476643      0.0723117      0.0639339      0.0869820
      0.8223516      0.1358482      0.1126166      0.1479386      0.0728668      0.0640525      0.0879777
      0.8318740      0.1361210      0.1136202      0.1482131      0.0737667      0.0641711      0.0889748
      0.8415067      0.1363951      0.1145333      0.1484879      0.0750171      0.0642898      0.0897052
      0.8512508      0.1366706      0.1152908      0.1487628      0.0766261      0.0644085      0.0901456
      0.8611079      0.1369477      0.1158908      0.1490380      0.0784886      0.0645273      0.0903153
      0.8710790      0.1372263      0.1163315      0.1493134      0.0800157      0.0646461      0.0904854
      0.8811657      0.1375067      0.1167793      0.1495891      0.0812022      0.0647651      0.0906562
      0.8913691      0.1377888      0.1176295      0.1498651      0.0820424      0.0648841      0.0908275
      0.9016907      0.1380728      0.1189514      0.1501414      0.0825282      0.0650032      0.0909995
      0.9121317      0.1383588      0.1204500      0.1504182      0.0826833      0.0651224      0.0911722
      0.9226937      0.1386470      0.1221240      0.1506953      0.0828812      0.0652418      0.0913457
      0.9333780      0.1389374      0.1238066      0.1509729      0.0833496      0.0653612      0.0915202
      0.9441860      0.1392303      0.1252019      0.1512509      0.0840919      0.0654808      0.0916957
      0.9551192      0.1395257      0.1263050      0.1515295      0.0851090      0.0656006      0.0918724
      0.9661790      0.1398239      0.1274129      0.1518086      0.0864044      0.0657205      0.0920504
      0.9773667      0.1403612      0.1285276      0.1520884      0.0877613      0.0658405      0.0922297
      0.9886842      0.1414034      0.1296500      0.1523689      0.0888684      0.0659608      0.0924108
      1.0001326      0.1429552      0.1306181      0.1526503      0.0897228      0.0660813      0.0925937
      1.0117135      0.1450214      0.1312359      0.1527038      0.0901927      0.0661030      0.0926403
      1.0234287      0.1476117      0.1314978      0.1525376      0.0902726      0.0660237      0.0925475
      1.0352794      0.1505002      0.1313441      0.1520836      0.0900970      0.0658128      0.0922729
      1.0472673      0.1534261      0.1307740      0.1513426      0.0897504      0.0654702      0.0918166
      1.0593941      0.1563952      0.1299626      0.1503319      0.0892425      0.0650031      0.0911891
      1.0716614      0.1594078      0.1291064      0.1492811      0.0887052      0.0645105      0.0905292
      1.0840706      0.1623746      0.1281918      0.1481619      0.0881293      0.0639853      0.0898275
      1.0966235      0.1645559      0.1272791      0.1470435      0.0875557      0.0634582      0.0891274
      1.1093218      0.1660232      0.1264249      0.1459916      0.0870224      0.0629576      0.0884694
      1.1221672      0.1667684      0.1256150      0.1449900      0.0865201      0.0624764      0.0881008
      1.1351613      0.1667270      0.1247995      0.1439804      0.0860148      0.0619887      0.0882741
      1.1483058      0.1659763      0.1239926      0.1429792      0.0855160      0.0615018      0.0884888
      1.1616026      0.1653986      0.1233103      0.1421220      0.0851023      0.0610746      0.0888254
      1.1750532      0.1649300      0.1228939      0.1413502      0.0847397      0.0606812      0.0892474
      1.1886598      0.1646680      0.1229111      0.1407512      0.0844787      0.0605942      0.0895494
      1.2024238      0.1646771      0.1234136      0.1403845      0.0843538      0.0609316      0.0894797
      1.2163472      0.1655705      0.1243487      0.1400514      0.0842495      0.0616731      0.0894305
      1.2304319      0.1673155      0.1256024      0.1396127      0.0840848      0.0627793      0.0893592
      1.2446796      0.1699236      0.1270000      0.1391285      0.0838945      0.0642824      0.0898280
      1.2590923      0.1733098      0.1283761      0.1385134      0.0836287      0.0659278      0.0907964
      1.2736719      0.1768421      0.1299954      0.1376338      0.0832098      0.0676203      0.0922800
      1.2884203      0.1793563      0.1322691      0.1366911      0.0829378      0.0694074      0.0944170
      1.3033395      0.1808079      0.1352313      0.1357514      0.0836332      0.0713096      0.0972336
      1.3184315      0.1811664      0.1387279      0.1347390      0.0851934      0.0732531      0.1001308
      1.3336982      0.1807695      0.1421740      0.1339316      0.0875901      0.0750970      0.1030795
      1.3491417      0.1802519      0.1453043      0.1334692      0.0909303      0.0766470      0.1060754
      1.3647641      0.1793628      0.1474530      0.1327694      0.0950764      0.0775171      0.1091203
      1.3805673      0.1780276      0.1485833      0.1319098      0.0986137      0.0776701      0.1121692
      1.3965535      0.1773632      0.1492540      0.1316231      0.1017981      0.0776480      0.1152686
      1.4127249      0.1770246      0.1500479      0.1316342      0.1046640      0.0775778      0.1184817
      1.4290833      0.1764974      0.1507612      0.1316027      0.1068757      0.0774248      0.1219314
      1.4456314      0.1765798      0.1517018      0.1321105      0.1083983      0.0775472      0.1256223
      1.4623710      0.1781176      0.1531964      0.1335703      0.1103270      0.0783315      0.1295747
      1.4793044      0.1800013      0.1548156      0.1352596      0.1124852      0.0793196      0.1338009
      1.4964340      0.1817441      0.1563728      0.1368633      0.1146106      0.0806956      0.1382814
      1.5137619      0.1838536      0.1580664      0.1387137      0.1170065      0.0826755      0.1428548
      1.5312904      0.1856937      0.1596474      0.1403943      0.1192874      0.0851989      0.1474483
      1.5490220      0.1864121      0.1607853      0.1413533      0.1209652      0.0878791      0.1509841
      1.5669588      0.1869290      0.1618364      0.1421824      0.1225674      0.0906955      0.1540888
      1.5851033      0.1877179      0.1629835      0.1431939      0.1243618      0.0934737      0.1567313
      1.6034579      0.1883528      0.1642997      0.1441211      0.1261270      0.0962444      0.1585471
      1.6220251      0.1894764      0.1664099      0.1454237      0.1282022      0.0990114      0.1599381
      1.6408073      0.1906895      0.1687677      0.1472138      0.1303612      0.1015148      0.1621256
      1.6598068      0.1910655      0.1704889      0.1488438      0.1320708      0.1036131      0.1644647
      1.6790266      0.1902526      0.1712406      0.1494372      0.1331409      0.1051500      0.1660959
      1.6984688      0.1886771      0.1711810      0.1496633      0.1338226      0.1061410      0.1673205
      1.7181361      0.1861024      0.1697271      0.1494357      0.1339688      0.1064892      0.1675774
      1.7380311      0.1828174      0.1679627      0.1486384      0.1335661      0.1064644      0.1666823
      1.7581567      0.1791577      0.1660513      0.1477372      0.1326028      0.1065509      0.1647214
      1.7785151      0.1753782      0.1642373      0.1478129      0.1315945      0.1070296      0.1625689
      1.7991093      0.1715130      0.1623297      0.1482155      0.1311295      0.1078759      0.1603457
      1.8199420      0.1677921      0.1605194      0.1484422      0.1307759      0.1092200      0.1582375
      1.8410159      0.1646774      0.1585826      0.1488208      0.1309708      0.1110534      0.1565176
      1.8623339      0.1618407      0.1568970      0.1489732      0.1317432      0.1130212      0.1551022
      1.8838987      0.1603034      0.1554907      0.1486425      0.1327237      0.1149741      0.1539223
      1.9057133      0.1598142      0.1543220      0.1480654      0.1332800      0.1168581      0.1529844
      1.9277804      0.1598206      0.1533990      0.1477704      0.1340048      0.1186770      0.1529270
      1.9501030      0.1599818      0.1524187      0.1475025      0.1347569      0.1204278      0.1534939
      1.9726841      0.1605222      0.1515957      0.1475178      0.1357789      0.1221003      0.1546793
      1.9955268      0.1605226      0.1509944      0.1479173      0.1370964      0.1237032      0.1565333
      2.0186338      0.1602226      0.1506429      0.1486349      0.1387195      0.1252840      0.1590090
      2.0420086      0.1601741      0.1505464      0.1497313      0.1403850      0.1268627      0.1614805
      2.0656538      0.1603123      0.1501408      0.1511148      0.1417801      0.1284427      0.1638614
      2.0895731      0.1602358      0.1491533      0.1524866      0.1429873      0.1300204      0.1663045
      2.1137691      0.1602873      0.1475944      0.1538897      0.1440074      0.1313519      0.1687329
      2.1382453      0.1602703      0.1454317      0.1554366      0.1448430      0.1321820      0.1711456
      2.1630051      0.1601923      0.1429530      0.1571106      0.1461975      0.1325045      0.1735577
      2.1880517      0.1594501      0.1413562      0.1589614      0.1475168      0.1323113      0.1760463
      2.2133880      0.1581752      0.1406690      0.1595984      0.1485671      0.1312136      0.1784245
      2.2390180      0.1556965      0.1408834      0.1583452      0.1493672      0.1300837      0.1807828
      2.2649446      0.1513741      0.1412699      0.1554478      0.1496302      0.1277925      0.1831348
      2.2911713      0.1467069      0.1412267      0.1501844      0.1489417      0.1248056      0.1854756
      2.3177018      0.1430708      0.1412369      0.1449693      0.1486552      0.1222980      0.1877739
      2.3445396      0.1405380      0.1413232      0.1412090      0.1486655      0.1206788      0.1900622
      2.3716879      0.1392337      0.1414887      0.1394952      0.1480886      0.1191721      0.1923400
      2.3991508      0.1399671      0.1418409      0.1391694      0.1486143      0.1191600      0.1945973
      2.4269316      0.1412237      0.1424492      0.1407314      0.1495195      0.1201737      0.1968250
      2.4550343      0.1421430      0.1416852      0.1417381      0.1505888      0.1210570      0.1990501
      2.4834621      0.1429475      0.1404538      0.1424373      0.1518316      0.1221050      0.2012741
      2.5122194      0.1436390      0.1387568      0.1428191      0.1537163      0.1234357      0.2034667
      2.5413094      0.1440532      0.1374737      0.1432416      0.1560671      0.1250456      0.2056367
      2.5707364      0.1442058      0.1368892      0.1439036      0.1615192      0.1269600      0.2077947
      2.6005042      0.1448377      0.1375827      0.1448423      0.1645126      0.1291993      0.2099749
      2.6306167      0.1457528      0.1384871      0.1458023      0.1726630      0.1314538      0.2121783
      2.6610777      0.1471612      0.1393713      0.1467235      0.1752651      0.1336979      0.2144339
      2.6918914      0.1489833      0.1399781      0.1476196      0.1818319      0.1359326      0.2167324
      2.7230623      0.1511816      0.1403711      0.1485282      0.1855877      0.1381752      0.2190583
      2.7545936      0.1531689      0.1404751      0.1494118      0.1921832      0.1404074      0.2213797
      2.7864904      0.1547720      0.1404175      0.1502580      0.1931262      0.1426136      0.2236877
      2.8187566      0.1558518      0.1404205      0.1511258      0.1953086      0.1448378      0.2259669
      2.8513961      0.1566062      0.1404318      0.1519953      0.1926749      0.1470711      0.2282268
      2.8844137      0.1570700      0.1403534      0.1528280      0.1935193      0.1492247      0.2304791
      2.9178138      0.1573036      0.1402680      0.1536558      0.1905400      0.1513134      0.2327105
      2.9516003      0.1574190      0.1401983      0.1544891      0.1880297      0.1533583      0.2349291
      2.9857783      0.1575874      0.1401972      0.1553490      0.1901934      0.1553833      0.2371338
      3.0203521      0.1578516      0.1403167      0.1562549      0.1923390      0.1573857      0.2393086
      3.0553260      0.1581992      0.1405418      0.1572008      0.1910342      0.1594205      0.2414549
      3.0907052      0.1546058      0.1407896      0.1581538      0.1944816      0.1614581      0.2435786
      3.1264937      0.1549965      0.1410746      0.1591189      0.1969016      0.1634942      0.2456723
      3.1626968      0.1546832      0.1413418      0.1600755      0.1997760      0.1655250      0.2477512
      3.1993191      0.1546752      0.1415706      0.1610152      0.2044801      0.1675388      0.2498142
      3.2363653      0.1508938      0.1417752      0.1619437      0.2082313      0.1695416      0.2518612
      3.2738407      0.1512304      0.1419518      0.1628598      0.2089885      0.1715346      0.2538939
      3.3117499      0.1477679      0.1420928      0.1637599      0.2107502      0.1735094      0.2559096
      3.3500984      0.1486814      0.1422002      0.1646450      0.2120494      0.1754669      0.2579081
      3.3888907      0.1492475      0.1423018      0.1655256      0.2115044      0.1774096      0.2597702
      3.4281323      0.1504087      0.1423805      0.1663943      0.2152837      0.1793207      0.2613423
      3.4678283      0.1515661      0.1424392      0.1672518      0.2173155      0.1811963      0.2632582
      3.5079837      0.1554598      0.1424955      0.1681064      0.2205404      0.1830596      0.2651524
      3.5486042      0.1556289      0.1425501      0.1689581      0.2257839      0.1849059      0.2670217
      3.5896952      0.1557854      0.1425930      0.1698045      0.2254725      0.1867531      0.2689937
      3.6312618      0.1590778      0.1426422      0.1706533      0.2240983      0.1886131      0.2712190
      3.6733098      0.1602882      0.1427148      0.1715106      0.2261149      0.1904849      0.2730553
      3.7158446      0.1587795      0.1427934      0.1723679      0.2269133      0.1923340      0.2748626
      3.7588720      0.1589582      0.1428780      0.1732249      0.2256654      0.1941591      0.2766403
      3.8023977      0.1591473      0.1429786      0.1740853      0.2309166      0.1959547      0.2783829
      3.8464274      0.1593443      0.1430926      0.1749488      0.2344430      0.1977315      0.2800977
      3.8909671      0.1677609      0.1432222      0.1758090      0.2363523      0.1994888      0.2817893
      3.9360225      0.1696528      0.1435869      0.1766781      0.2396132      0.2012606      0.2834703
      3.9815996      0.1698734      0.1441880      0.1775546      0.2415514      0.2030319      0.2851328
      4.0277042      0.1699418      0.1450323      0.1784427      0.2425316      0.2047756      0.2867868
      4.0743432      0.1702511      0.1461242      0.1794932      0.2380235      0.2063261      0.2884403
      4.1215215      0.1644644      0.1474377      0.1807755      0.2417400      0.2076725      0.2904455
      4.1692467      0.1706084      0.1487559      0.1822834      0.2423412      0.2087939      0.2934273
      4.2175241      0.1724205      0.1500174      0.1839636      0.2357815      0.2096489      0.2973877
      4.2663608      0.1787800      0.1512181      0.1858117      0.2379580      0.2102744      0.3021834
      4.3157625      0.1847957      0.1524139      0.1877161      0.2439247      0.2108575      0.3067893
      4.3657370      0.1876744      0.1536142      0.1896178      0.2422013      0.2114141      0.3108580
      4.4162893      0.1878066      0.1548507      0.1915464      0.2427627      0.2119706      0.3137621
      4.4674277      0.1915449      0.1561845      0.1935467      0.2515281      0.2125693      0.3155057
      4.5191584      0.1876570      0.1576270      0.1956475      0.2464153      0.2132107      0.3162284
      4.5714879      0.1861246      0.1591214      0.1978078      0.2472713      0.2138515      0.3169404
      4.6244230      0.1896481      0.1606793      0.2000172      0.2465163      0.2144880      0.3176379
      4.6779714      0.1870014      0.1622681      0.2022443      0.2420906      0.2150932      0.3183214
      4.7321401      0.1866583      0.1637006      0.2045070      0.2434418      0.2156779      0.3189955
      4.7869353      0.1887104      0.1649012      0.2067814      0.2462489      0.2162451      0.3196649
      4.8423653      0.1888935      0.1658551      0.2090699      0.2460024      0.2168013      0.3203330
      4.8984375      0.1869443      0.1665538      0.2113846      0.2529950      0.2173499      0.3210044
      4.9551587      0.1904601      0.1670312      0.2137083      0.2582848      0.2178839      0.3216754
      5.0125365      0.1894948      0.1688883      0.2160775      0.2541060      0.2200983      0.3223410
      5.0705791      0.1898413      0.1694921      0.2185242      0.2663471      0.2206435      0.3237063
      5.1292934      0.1946424      0.1718877      0.2210414      0.2711046      0.2223699      0.3250424
      5.1886878      0.1949984      0.1745507      0.2235684      0.2745508      0.2238408      0.3263350
      5.2487702      0.1918823      0.1764978      0.2261468      0.2777993      0.2249044      0.3275878
      5.3095484      0.1935668      0.1757419      0.2287910      0.2795098      0.2234849      0.3288109
      5.3710303      0.1970976      0.1761352      0.2311586      0.2720988      0.2235475      0.3293769
      5.4332237      0.1953545      0.1758347      0.2337527      0.2667386      0.2229004      0.3301552
      5.4961371      0.1963802      0.1775840      0.2363755      0.2614066      0.2243348      0.3312618
      5.5597796      0.2008406      0.1802945      0.2389516      0.2642075      0.2264417      0.3327146
      5.6241584      0.2033379      0.1845387      0.2414107      0.2671581      0.2292770      0.3342883
      5.6892834      0.1989279      0.1891337      0.2441405      0.2753232      0.2314065      0.3358692
      5.7551618      0.1969673      0.1928719      0.2465948      0.2774288      0.2339898      0.3376405
      5.8218036      0.1995321      0.1944683      0.2489826      0.2781939      0.2347358      0.3392680
      5.8892169      0.2000881      0.2015534      0.2513660      0.2772817      0.2365184      0.3418466
      5.9574108      0.2069235      0.2086396      0.2537611      0.2896420      0.2384817      0.3456445
      6.0263944      0.2271188      0.2201219      0.2656462      0.2953834      0.2414497      0.3600167
      6.0961771      0.2536477      0.2348268      0.2772402      0.3276251      0.2436123      0.3742309
      6.1667676      0.2679826      0.2457232      0.2885579      0.3471175      0.2459071      0.3863374
      6.2381754      0.2742073      0.2473942      0.2932809      0.3514709      0.2470340      0.3934298
      6.3104100      0.2700410      0.2490437      0.2956536      0.3517374      0.2481780      0.3942557
      6.3834810      0.2574067      0.2461454      0.2884226      0.3496440      0.2493396      0.3838355
      6.4573984      0.2397552      0.2398925      0.2814319      0.3283976      0.2504941      0.3736355
      6.5321712      0.2287296      0.2373856      0.2746916      0.3193948      0.2515925      0.3655070
      6.6078100      0.2290308      0.2384578      0.2745188      0.3237499      0.2520224      0.3609024
      6.6843247      0.2338154      0.2394035      0.2766650      0.3265896      0.2522822      0.3614319
      6.7617254      0.2396244      0.2403874      0.2788030      0.3328291      0.2532099      0.3649763
      6.8400226      0.2525525      0.2412951      0.2809618      0.3348432      0.2541052      0.3705825
      6.9192266      0.2598090      0.2421096      0.2824360      0.3364038      0.2550168      0.3760449
      6.9993477      0.2635224      0.2428209      0.2835627      0.3442233      0.2565571      0.3817022
      7.0803967      0.2652515      0.2434318      0.2855831      0.3500388      0.2582059      0.3871455
      7.1623836      0.2700602      0.2467173      0.2910908      0.3434722      0.2591017      0.3907929
      7.2453203      0.2727084      0.2507740      0.2992161      0.3506420      0.2599709      0.3973038
      7.3292170      0.2954518      0.2591078      0.3079277      0.3658419      0.2608125      0.4036609
      7.4140854      0.3201773      0.2705815      0.3168609      0.3789521      0.2616257      0.4098725
      7.4999361      0.3433733      0.2823935      0.3247698      0.3912501      0.2624318      0.4159469
      7.5867810      0.3677472      0.2902060      0.3290762      0.4120114      0.2632543      0.4212522
      7.6746316      0.3835102      0.2951407      0.3306034      0.4215381      0.2642563      0.4210306
      7.7634997      0.3891644      0.2916069      0.3320715      0.4188173      0.2655087      0.4208790
      7.8533969      0.3856895      0.2833478      0.3328792      0.4106362      0.2663179      0.4174657
      7.9443350      0.3741517      0.2741921      0.3273232      0.4001717      0.2671130      0.4136467
      8.0363264      0.3567001      0.2654862      0.3193582      0.3872516      0.2677872      0.4088732
      8.1293831      0.3419751      0.2575849      0.3119105      0.3710975      0.2680203      0.4037845
      8.2235165      0.3237047      0.2522525      0.3036269      0.3650029      0.2676863      0.3964195
      8.3187408      0.3192712      0.2501959      0.2988848      0.3563347      0.2670455      0.3887499
      8.4150667      0.3231805      0.2495947      0.3002881      0.3463633      0.2654794      0.3794281
      8.5125084      0.3194105      0.2460933      0.2994264      0.3353774      0.2630829      0.3692894
      8.6110792      0.3114849      0.2398484      0.2926274      0.3265242      0.2599230      0.3582909
      8.7107906      0.2981257      0.2343435      0.2848702      0.3130472      0.2562562      0.3496669
      8.8116560      0.2796550      0.2262958      0.2707761      0.2983245      0.2524669      0.3447678
      8.9136906      0.2597683      0.2125219      0.2540639      0.2811096      0.2431317      0.3373654
      9.0169058      0.2478327      0.2013756      0.2401489      0.2577024      0.2331307      0.3304231
      9.1213169      0.2400708      0.1924574      0.2309372      0.2432953      0.2227307      0.3241860
      9.2269373      0.2286270      0.1828048      0.2225298      0.2245747      0.2125613      0.3183877
      9.3337803      0.2175053      0.1737446      0.2176915      0.2126119      0.2030451      0.3131393
      9.4418602      0.2023639      0.1702345      0.2164431      0.2101664      0.2002635      0.3133145
      9.5511923      0.1938951      0.1675995      0.2164358      0.2136287      0.1998122      0.3158284
      9.6617899      0.1813221      0.1675246      0.2173517      0.2152909      0.2016395      0.3198816
      9.7736673      0.1895293      0.1692768      0.2189820      0.2170063      0.2047995      0.3244023
      9.8868418      0.1990483      0.1726863      0.2212556      0.2166545      0.2090777      0.3293549
     10.0013256      0.2055865      0.1763083      0.2236257      0.2208256      0.2142739      0.3346897
     10.1171350      0.2100661      0.1814648      0.2278321      0.2348524      0.2200278      0.3403182
     10.2342863      0.2223672      0.1916803      0.2336849      0.2390478      0.2275297      0.3460789
     10.3527937      0.2339177      0.2023732      0.2401663      0.2522153      0.2345701      0.3519479
     10.4726734      0.2342886      0.2102235      0.2461532      0.2655336      0.2412340      0.3576625
     10.5939407      0.2490083      0.2178884      0.2515343      0.2777149      0.2477961      0.3631231
     10.7166128      0.2581578      0.2295575      0.2578119      0.2775960      0.2532957      0.3682832
     10.8407049      0.2660783      0.2366126      0.2634029      0.2981485      0.2561097      0.3732901
     10.9662342      0.2792166      0.2505740      0.2716255      0.3064206      0.2608049      0.3839417
     11.0932178      0.3122677      0.2666119      0.2807059      0.3237430      0.2629703      0.3948949
     11.2216711      0.3296308      0.2781606      0.2893249      0.3340097      0.2644292      0.4032730
     11.3516121      0.3407543      0.2819758      0.2944359      0.3539765      0.2665979      0.4105058
     11.4830580      0.3497819      0.2832726      0.2988781      0.3582701      0.2721450      0.4185000
     11.6160259      0.3430057      0.2802933      0.3008908      0.3749558      0.2793156      0.4249506
     11.7505341      0.3244373      0.2772054      0.3047709      0.3840699      0.2897112      0.4324670
     11.8865986      0.3211628      0.2775326      0.3107776      0.3901075      0.3005004      0.4454987
     12.0242395      0.3266033      0.2817335      0.3203992      0.3969459      0.3118891      0.4619397
     12.1634731      0.3263108      0.2881946      0.3299090      0.4080712      0.3206969      0.4802278
     12.3043194      0.3389430      0.2921332      0.3411955      0.4125324      0.3263496      0.4946191
     12.4467964      0.3569061      0.3001682      0.3649509      0.4321994      0.3313539      0.5082870
     12.5909233      0.3747400      0.3084059      0.3824357      0.4403910      0.3361717      0.5177753
     12.7367191      0.3782230      0.3071114      0.3804203      0.4444679      0.3396882      0.5248739
     12.8842030      0.3737853      0.3059294      0.3790014      0.4465494      0.3433535      0.5292223
     13.0333958      0.3614457      0.3040786      0.3751587      0.4487879      0.3469450      0.5331283
     13.1843147      0.3400213      0.2981609      0.3564873      0.4370638      0.3505045      0.5363320
     13.3369818      0.3223224      0.2927008      0.3420497      0.4369784      0.3540377      0.5407152
     13.4914169      0.3194063      0.2956758      0.3452384      0.4328462      0.3579037      0.5451465
     13.6476402      0.3233363      0.2976715      0.3472102      0.4344948      0.3613907      0.5496033
     13.8056717      0.3249327      0.3032435      0.3507215      0.4308331      0.3666815      0.5540906
     13.9655342      0.3326062      0.3073635      0.3541466      0.4256349      0.3710806      0.5586270
     14.1272469      0.3374674      0.3094647      0.3562235      0.4232984      0.3742233      0.5632106
     14.2908325      0.3367346      0.3112256      0.3558639      0.4321187      0.3768578      0.5678065
     14.4563122      0.3376530      0.3131151      0.3553549      0.4373729      0.3783833      0.5706790
     14.6237087      0.3390419      0.3105841      0.3531530      0.4463479      0.3757460      0.5735129
     14.7930431      0.3409460      0.3085473      0.3500524      0.4610354      0.3734502      0.5760146
     14.9643383      0.3390195      0.3075743      0.3481445      0.4631294      0.3723143      0.5772246
     15.1376181      0.3411590      0.3173231      0.3580965      0.4663339      0.3739540      0.5788533
     15.3129034      0.3483293      0.3223560      0.3666047      0.4637561      0.3763185      0.5811568
     15.4902191      0.3499035      0.3222414      0.3713614      0.4586697      0.3805528      0.5837610
     15.6695881      0.3532028      0.3211000      0.3761924      0.4524506      0.3838029      0.5869710
     15.8510342      0.3540803      0.3235887      0.3817258      0.4586954      0.3874435      0.5913339
     16.0345802      0.3617305      0.3228535      0.3784283      0.4537309      0.3871225      0.5936015
     16.2202530      0.3666371      0.3218871      0.3770587      0.4545462      0.3850936      0.5955927
     16.4080734      0.3828162      0.3256901      0.3794920      0.4583478      0.3815958      0.5962769
     16.5980701      0.3910750      0.3339679      0.3820292      0.4651551      0.3779015      0.5959148
     16.7902660      0.4008051      0.3361343      0.3840376      0.4725133      0.3723862      0.5951658
     16.9846878      0.4172919      0.3329479      0.3850512      0.4827210      0.3671339      0.5957349
     17.1813622      0.4196826      0.3257845      0.3859519      0.4832577      0.3627997      0.5974870
     17.3803120      0.4189797      0.3191691      0.3871306      0.4928443      0.3593781      0.6009665
     17.5815659      0.4173024      0.3082412      0.3885804      0.4946292      0.3568375      0.6060395
     17.7851505      0.4193704      0.2993545      0.3902948      0.5012386      0.3551537      0.6125556
     17.9910927      0.4156073      0.2869359      0.3920807      0.5052555      0.3545192      0.6196400
     18.1994209      0.4220625      0.3066252      0.3966252      0.5132658      0.3550528      0.6267240
     18.4101601      0.4400012      0.3154121      0.3994086      0.5136769      0.3568579      0.6342124
     18.6233387      0.4506737      0.3142172      0.4021559      0.5146411      0.3598895      0.6421455
     18.8389874      0.4448132      0.3145105      0.4052382      0.5120754      0.3643020      0.6506883
     19.0571308      0.3994786      0.3166174      0.4088482      0.5329034      0.3699581      0.6607047
     19.2778034      0.4008930      0.2958996      0.4102612      0.5382066      0.3766242      0.6726258
     19.5010281      0.4020998      0.2873726      0.4139948      0.5437533      0.3841341      0.6860865
     19.7268391      0.4035890      0.2877673      0.4170863      0.5496072      0.3837826      0.6986478
     19.9552650      0.4051932      0.2888653      0.4204494      0.5557872      0.3844296      0.7116563
     20.1863384      0.4072649      0.2904151      0.4242948      0.5619850      0.3854632      0.7235910
     20.4200859      0.4093512      0.2924017      0.4284594      0.5684902      0.3868792      0.7343917
     20.6565399      0.4118521      0.2946903      0.4328234      0.5751681      0.3886462      0.7432920
     20.8957329      0.4141631      0.3003777      0.4385896      0.5819537      0.3994016      0.7525137
     21.1376953      0.4165668      0.3060303      0.4444341      0.5887795      0.4100342      0.7620195
     21.3824577      0.4188169      0.3118536      0.4501363      0.5955505      0.4210666      0.7732797
     21.6300545      0.4208835      0.3177896      0.4558511      0.6021635      0.4323602      0.7862498
     21.8805180      0.4229943      0.3234623      0.4616553      0.6088270      0.4438810      0.8002052
     22.1338825      0.4253127      0.3284365      0.4675376      0.6152812      0.4553783      0.8141158
     22.3901806      0.4277528      0.3327028      0.4735018      0.6217057      0.4668239      0.8263925
     22.6494465      0.4302703      0.3362084      0.4795333      0.6280125      0.4773916      0.8369344
     22.9117146      0.4329787      0.3390133      0.4856480      0.6342996      0.4865660      0.8457706
     23.1770191      0.4356046      0.3414842      0.4918515      0.6405012      0.4942737      0.8534957
     23.4453964      0.4378609      0.3440557      0.4981653      0.6468420      0.5019538      0.8611553
     23.7168808      0.4399294      0.3467074      0.5044259      0.6533272      0.5081831      0.8687423
     23.9915085      0.4422242      0.3494914      0.5102225      0.6600447      0.5136994      0.8762501
     24.2693176      0.4444835      0.3524132      0.5155293      0.6668898      0.5190738      0.8836714
     24.5503426      0.4471625      0.3554702      0.5202913      0.6737391      0.5242931      0.8909993
     24.8346214      0.4503105      0.3586832      0.5266169      0.6805709      0.5280878      0.9012786
     25.1221924      0.4538101      0.3620814      0.5338620      0.6874186      0.5318056      0.9122650
     25.4130936      0.4571056      0.3656753      0.5418515      0.6942941      0.5354304      0.9228520
     25.7073631      0.4610253      0.3694784      0.5506236      0.7012908      0.5389697      0.9330293
     26.0050392      0.4651166      0.3733863      0.5602391      0.7084121      0.5424079      0.9427813
     26.3061638      0.4698140      0.3771735      0.5686017      0.7156531      0.5457514      0.9490457
     26.6107750      0.4748444      0.3808205      0.5765324      0.7229714      0.5489848      0.9540451
     26.9189129      0.4807391      0.3843375      0.5846539      0.7303588      0.5521298      0.9588683
     27.2306213      0.4870763      0.3877044      0.5929676      0.7377118      0.5551735      0.9635044
     27.5459385      0.4939021      0.3910442      0.6014850      0.7450148      0.5581375      0.9679515
     27.8649063      0.5011134      0.3948746      0.6102080      0.7522118      0.5610038      0.9721994
     28.1875687      0.5088132      0.3994156      0.6191456      0.7592298      0.5637940      0.9762448
     28.5139637      0.5163308      0.4046673      0.6283002      0.7660267      0.5664989      0.9800789
     28.8441410      0.5239410      0.4106618      0.6376788      0.7726131      0.5691288      0.9836972
     29.1781387      0.5317329      0.4174181      0.6472842      0.7790019      0.5716832      0.9873249
     29.5160065      0.5398790      0.4245532      0.6571211      0.7852723      0.5741697      0.9910737
     29.8577843      0.5482444      0.4310231      0.6671919      0.7914931      0.5765915      0.9949410
     30.2035217      0.5573213      0.4368303      0.6774984      0.7976433      0.5789472      0.9989259
     30.5532608      0.5667359      0.4419774      0.6882588      0.8037173      0.5814024      1.0030267
     30.9070511      0.5764629      0.4464506      0.6992661      0.8097099      0.5862648      1.0070094
     31.2649364      0.5861411      0.4503631      0.7115701      0.8156154      0.5936683      1.0117643
     31.6269684      0.5959513      0.4545830      0.7228910      0.8214355      0.6034842      1.0174026
     31.9931908      0.6056474      0.4591337      0.7343700      0.8271618      0.6132737      1.0240424
     32.3636551      0.6154335      0.4640245      0.7458572      0.8327810      0.6229088      1.0318784
     32.7384071      0.6249036      0.4692757      0.7575542      0.8382775      0.6301166      1.0415324
     33.1175003      0.6344005      0.4748954      0.7690522      0.8436581      0.6348055      1.0520666
     33.5009842      0.6438103      0.4809011      0.7828445      0.8489193      0.6371381      1.0634383
     33.8889046      0.6533022      0.4872997      0.7978070      0.8541441      0.6396001      1.0755926
     34.2813187      0.6628194      0.4941805      0.8139127      0.8593577      0.6422232      1.0884012
     34.6782799      0.6725670      0.5026439      0.8311509      0.8645446      0.6435684      1.1013020
     35.0798340      0.6823465      0.5126811      0.8488835      0.8697522      0.6435782      1.1142799
     35.4860382      0.6922352      0.5235444      0.8668997      0.8750094      0.6421999      1.1273168
     35.8969498      0.7021289      0.5336705      0.8851753      0.8803175      0.6393728      1.1403924
     36.3126183      0.7119945      0.5453207      0.9036654      0.8856910      0.6372687      1.1534872
     36.7330971      0.7217783      0.5573800      0.9223680      0.8911821      0.6379208      1.1665758
     37.1584511      0.7315578      0.5698441      0.9412670      0.8967458      0.6413303      1.1796457
     37.5887260      0.7413503      0.5834336      0.9603305      0.9022772      0.6474761      1.1926689
     38.0239830      0.7512314      0.5996844      0.9795424      0.9076683      0.6563517      1.2056342
     38.4642792      0.7612885      0.6162179      0.9988598      0.9129025      0.6656756      1.2185035
     38.9096756      0.7716080      0.6330159      1.0182672      0.9179718      0.6747758      1.2312669
     39.3602257      0.7821890      0.6495274      1.0377209      0.9228796      0.6830425      1.2438850
     39.8159981      0.7929980      0.6631022      1.0541493      0.9277185      0.6905794      1.2563484
     40.2770424      0.8039815      0.6724790      1.0685866      0.9325557      0.6974668      1.2671987
     40.7434273      0.8150829      0.6775669      1.0849345      0.9373099      0.7038241      1.2750654
     41.2152138      0.8261650      0.6809571      1.1031753      0.9419650      0.7097156      1.2813230
     41.6924629      0.8370898      0.6813774      1.1224347      0.9465072      0.7135307      1.2859370
     42.1752396      0.8478310      0.6804184      1.1446013      0.9508837      0.7151432      1.2883803
     42.6636047      0.8583633      0.6823364      1.1685805      0.9551148      0.7144644      1.2900420
     43.1576271      0.8686632      0.6878719      1.1904091      0.9592942      0.7113696      1.2922450
     43.6573677      0.8787876      0.6944166      1.2100415      0.9634030      0.7057995      1.2958925
     44.1628952      0.8888451      0.7035754      1.2295314      0.9674116      0.6999434      1.3011417
     44.6742783      0.8988348      0.7124038      1.2475213      0.9713634      0.6938247      1.3084778
     45.1915817      0.9087308      0.7177443      1.2651403      0.9752281      0.6874292      1.3179016
     45.7148743      0.9185091      0.7210999      1.2824081      0.9789521      0.6807645      1.3294158
     46.2442284      0.9281369      0.7207199      1.2993498      0.9825250      0.6738196      1.3402172
     46.7797089      0.9375380      0.7194273      1.3147701      0.9859447      0.6666181      1.3492131
     47.3213921      0.9466861      0.7224690      1.3310856      0.9891759      0.6591527      1.3561924
     47.8693504      0.9555789      0.7299442      1.3471000      0.9921530      0.6514467      1.3611960
     48.4236526      0.9642106      0.7396399      1.3624883      0.9947964      0.6435079      1.3640006
     48.9843750      0.9725837      0.7532607      1.3756400      0.9970257      0.6353580      1.3644615
     49.5515900      0.9806947      0.7681117      1.3863996      0.9987637      0.6269930      1.3630308
     50.1253738      0.9884722      0.7815387      1.3947216      0.9999360      0.6184325      1.3598769
     50.7057953      0.9958557      0.7928648      1.4005306      1.0005260      0.6096745      1.3549258
     51.2929420      1.0029098      0.8020366      1.4040412      1.0005730      0.6007392      1.3483729
     51.8868866      1.0096946      0.8089980      1.4067123      1.0001568      0.5929172      1.3407996
     52.4877052      1.0161749      0.8137007      1.4085726      0.9993242      0.5883321      1.3326631
     53.0954857      1.0223662      0.8174232      1.4075847      0.9980738      0.5869793      1.3239732
     53.7103004      1.0282207      0.8207732      1.4035264      0.9964486      0.5888606      1.3147432
     54.3322372      1.0336323      0.8237401      1.3964579      0.9944595      0.5939634      1.3049852
     54.9613724      1.0385563      0.8263172      1.3864671      0.9921232      0.6009896      1.2947137
     55.5977936      1.0431243      0.8284957      1.3736223      0.9894024      0.6078144      1.2839425
     56.2415848      1.0473552      0.8302705      1.3635353      0.9863111      0.6144270      1.2726873
     56.8928337      1.0513637      0.8316348      1.3578736      0.9827951      0.6208166      1.2609632
     57.5516205      1.0552125      0.8325852      1.3565632      0.9788101      0.6269732      1.2492114
     58.2180367      1.0589093      0.8331166      1.3595213      0.9742797      0.6328869      1.2405849
     58.8921661      1.0623322      0.8332276      1.3641298      0.9692147      0.6385487      1.2336930
     59.5741081      1.0654510      0.8329152      1.3689003      0.9637067      0.6439498      1.2265882
     60.2639427      1.0681783      0.8321793      1.3717320      0.9578605      0.6490821      1.2188700
     60.9617653      1.0704148      0.8310965      1.3714156      0.9516681      0.6539378      1.2100769
     61.6676674      1.0720620      0.8295134      1.3696005      0.9451090      0.6559830      1.1971422
     62.3817444      1.0730897      0.8275084      1.3688380      0.9381608      0.6551142      1.1814512
     63.1040916      1.0734786      0.8250850      1.3670408      0.9307192      0.6513985      1.1650373
     63.8348045      1.0732284      0.8222458      1.3648924      0.9226941      0.6448901      1.1482159
     64.5739822      1.0723403      0.8189186      1.3636185      0.9140925      0.6356616      1.1312737
     65.3217163      1.0709221      0.8152632      1.3615915      0.9049276      0.6263044      1.1140817
     66.0781097      1.0690787      0.8112086      1.3588153      0.8952284      0.6169930      1.0977112
     66.8432617      1.0668224      0.8067610      1.3552954      0.8850573      0.6077190      1.0833164
     67.6172638      1.0641638      0.8019288      1.3510396      0.8744310      0.5985047      1.0709758
     68.4002380      1.0611236      0.7967196      1.3445212      0.8633435      0.5896580      1.0602357
     69.1922760      1.0576098      0.7911426      1.3337905      0.8518403      0.5820719      1.0489578
     69.9934845      1.0535352      0.7852073      1.3189639      0.8399652      0.5756715      1.0361428
     70.8039627      1.0489048      0.7789242      1.3001627      0.8276958      0.5703965      1.0206506
     71.6238327      1.0437258      0.7723038      1.2792387      0.8150838      0.5661724      1.0025640
     72.4532013      1.0379970      0.7653579      1.2588546      0.8022033      0.5626227      0.9821892
     73.2921677      1.0317304      0.7580978      1.2410040      0.7890770      0.5587974      0.9617968
     74.1408539      1.0249622      0.7505362      1.2256942      0.7757145      0.5547040      0.9423774
     74.9993591      1.0177292      0.7426854      1.2129326      0.7621583      0.5503503      0.9257837
     75.8678131      1.0100673      0.7345588      1.2009171      0.7484818      0.5457448      0.9119601
     76.7463150      1.0020027      0.7261692      1.1885724      0.7347726      0.5398386      0.8998636
     77.6349945      0.9935554      0.7175308      1.1759186      0.7211195      0.5325983      0.8882335
     78.5339661      0.9847254      0.7086568      1.1628983      0.7076081      0.5240986      0.8761346
     79.4433441      0.9755130      0.6987473      1.1494535      0.6943239      0.5144138      0.8617359
     80.3632584      0.9659225      0.6871892      1.1356057      0.6812921      0.5036165      0.8451360
     81.2938156      0.9559702      0.6740659      1.1213782      0.6684808      0.4928360      0.8273932
     82.2351532      0.9456725      0.6594455      1.1069876      0.6558200      0.4821844      0.8098102
     83.1873932      0.9350462      0.6433307      1.0925220      0.6432491      0.4716651      0.7924412
     84.1506577      0.9241082      0.6296989      1.0779898      0.6307616      0.4612800      0.7759219
     85.1250763      0.9129489      0.6198916      1.0634004      0.6183094      0.4510319      0.7602053
     86.1107864      0.9015957      0.6132683      1.0487621      0.6058854      0.4409218      0.7446505
     87.1079025      0.8900157      0.6078541      1.0338913      0.5935190      0.4309524      0.7291074
     88.1165695      0.8781937      0.6036741      1.0187331      0.5812317      0.4211246      0.7139304
     89.1369171      0.8661650      0.5975925      1.0033113      0.5690016      0.4114403      0.6986533
     90.1690750      0.8539535      0.5889223      0.9876497      0.5568534      0.4019002      0.6832975
     91.2131805      0.8416051      0.5782613      0.9717724      0.5447881      0.3925060      0.6684783
     92.2693787      0.8291850      0.5675572      0.9557018      0.5328018      0.3832579      0.6543233
     93.3378067      0.8167408      0.5568222      0.9394609      0.5208982      0.3741567      0.6404096
     94.4186020      0.8042696      0.5460685      0.9262743      0.5090769      0.3652028      0.6265529
     95.5119171      0.7917059      0.5353076      0.9162894      0.4973459      0.3563966      0.6127658
     96.6178970      0.7790254      0.5245507      0.9094387      0.4857264      0.3477379      0.5990604
     97.7366791      0.7662439      0.5138088      0.9032409      0.4742501      0.3392271      0.5854483
     98.8684158      0.7533767      0.5030923      0.8967340      0.4629491      0.3308634      0.5719400
    100.0132599      0.7405010      0.4924114      0.8867387      0.4518431      0.3226470      0.5585464
    101.1713638      0.7276809      0.4817756      0.8731514      0.4409344      0.3145775      0.5452768
    102.3428726      0.7149287      0.4711697      0.8560828      0.4302353      0.3066475      0.5321897
    103.5279541      0.7022295      0.4605660      0.8380561      0.4197502      0.2986896      0.5190358
    104.7267456      0.6895903      0.4499768      0.8200744      0.4094657      0.2907110      0.5053325
    105.9394226      0.6769578      0.4394134      0.8021543      0.3993785      0.2827173      0.4911298
    107.1661377      0.6642919      0.4288872      0.7843128      0.3894888      0.2747151      0.4764841
    108.4070663      0.6515926      0.4184329      0.7665654      0.3797952      0.2671590      0.4620929
    109.6623611      0.6388927      0.4080974      0.7489277      0.3702880      0.2608556      0.4483848
    110.9321899      0.6262014      0.3978858      0.7314135      0.3609598      0.2557665      0.4358402
    112.2167206      0.6135255      0.3878039      0.7140372      0.3517968      0.2518545      0.4244064
    113.5161285      0.6008698      0.3778563      0.6968113      0.3427853      0.2490804      0.4140237
    114.8305817      0.5882495      0.3680477      0.6797458      0.3339120      0.2469637      0.4039409
    116.1602554      0.5756726      0.3583820      0.6628140      0.3251735      0.2448307      0.3939825
    117.5053253      0.5631468      0.3488630      0.6460338      0.3165795      0.2426785      0.3841534
    118.8659744      0.5506796      0.3394939      0.6294207      0.3081391      0.2405032      0.3744573
    120.2423706      0.5382812      0.3302778      0.6129905      0.2998605      0.2381115      0.3648981
    121.6347198      0.5259731      0.3212170      0.5967591      0.2917514      0.2346320      0.3554792
    123.0431747      0.5137766      0.3123140      0.5807780      0.2838182      0.2301130      0.3462034
    124.4679565      0.5017126      0.3035705      0.5650517      0.2760579      0.2246021      0.3370737
    125.9092178      0.4898013      0.2949882      0.5495854      0.2684679      0.2181471      0.3280927
    127.3671799      0.4780591      0.2865681      0.5343825      0.2610455      0.2109852      0.3192621
    128.8420105      0.4664907      0.2783117      0.5194470      0.2537878      0.2040319      0.3105841
    130.3339386      0.4551001      0.2702192      0.5047815      0.2466922      0.1972825      0.3020602
    131.8431396      0.4438909      0.2622913      0.4903887      0.2397567      0.1907328      0.2936914
    133.3698120      0.4328663      0.2545283      0.4762709      0.2329818      0.1843783      0.2854785
    134.9141693      0.4220293      0.2469302      0.4624298      0.2263682      0.1782145      0.2774221
    136.4764099      0.4113823      0.2394968      0.4488666      0.2199163      0.1722367      0.2695405
    138.0567474      0.4009274      0.2322277      0.4355821      0.2136267      0.1664405      0.2619356
    139.6553497      0.3906664      0.2251221      0.4225764      0.2074993      0.1608214      0.2546011
    141.2724915      0.3805829      0.2181792      0.4098492      0.2015313      0.1553745      0.2475303
    142.9083405      0.3705986      0.2113980      0.3973999      0.1957201      0.1500883      0.2407170
    144.5631409      0.3606759      0.2047770      0.3852271      0.1900629      0.1448295      0.2341364
    146.2371063      0.3508174      0.1983151      0.3733298      0.1845570      0.1396013      0.2278288
    147.9304504      0.3410255      0.1920107      0.3616881      0.1791995      0.1344087      0.2216248
    149.6434021      0.3313205      0.1858623      0.3502991      0.1739876      0.1292547      0.2153914
    151.3761902      0.3217836      0.1798682      0.3391609      0.1689184      0.1241509      0.2091364
    153.1290436      0.3124555      0.1750628      0.3282720      0.1639979      0.1192290      0.2028675
    154.9021912      0.3033357      0.1720091      0.3176301      0.1592255      0.1144854      0.1964434
    156.6958618      0.2944237      0.1702341      0.3072517      0.1545904      0.1099133      0.1900404
    158.5103302      0.2856566      0.1684859      0.2971357      0.1500866      0.1055092      0.1837981
    160.3457794      0.2769841      0.1667651      0.2872798      0.1457113      0.1012669      0.1777151
    162.2024994      0.2684072      0.1640358      0.2776811      0.1414530      0.0971823      0.1717898
    164.0807037      0.2599266      0.1597330      0.2683369      0.1373065      0.0932497      0.1660206
    165.9806824      0.2515429      0.1543285      0.2592437      0.1332763      0.0894648      0.1604054
    167.9026337      0.2433183      0.1490721      0.2503985      0.1293619      0.0858222      0.1549425
    169.8468628      0.2353025      0.1439613      0.2417976      0.1255601      0.0823179      0.1496297
    171.8135834      0.2274931      0.1389941      0.2334375      0.1218673      0.0789467      0.1444649
    173.8031006      0.2198881      0.1341680      0.2253145      0.1182804      0.0757047      0.1394458
    175.8156586      0.2124848      0.1294805      0.2174246      0.1147968      0.0725871      0.1345790
    177.8515167      0.2052808      0.1249294      0.2097639      0.1114143      0.0695901      0.1298886
    179.9109497      0.1982732      0.1205119      0.2023283      0.1081302      0.0667090      0.1253698
    181.9942169      0.1914593      0.1162257      0.1951137      0.1049424      0.0639920      0.1210177
    184.1016235      0.1848364      0.1120682      0.1881159      0.1018476      0.0614490      0.1168274
    186.2334137      0.1784019      0.1080368      0.1813306      0.0988346      0.0590704      0.1127853
    188.3898926      0.1721529      0.1041288      0.1747534      0.0958923      0.0568466      0.1088600
    190.5713348      0.1660867      0.1003416      0.1683801      0.0930107      0.0547690      0.1050491
    192.7780609      0.1602003      0.0966728      0.1622061      0.0901802      0.0527769      0.1013506
    195.0103149      0.1544903      0.0931194      0.1562273      0.0873926      0.0508483      0.0977461
    197.2684326      0.1489532      0.0896791      0.1504390      0.0846485      0.0489812      0.0942231
    199.5526733      0.1435854      0.0863490      0.1448370      0.0819485      0.0471742      0.0907816
    201.8634033      0.1383833      0.0831267      0.1394167      0.0792931      0.0454254      0.0874215
    204.2008514      0.1333432      0.0800094      0.1341739      0.0766829      0.0437338      0.0841422
    206.5653992      0.1284615      0.0769947      0.1291040      0.0741183      0.0420975      0.0809594
    208.9572906      0.1237345      0.0740799      0.1242029      0.0715997      0.0405153      0.0778829
    211.3769226      0.1191587      0.0712624      0.1194661      0.0691316      0.0389856      0.0749098
    213.8245392      0.1147305      0.0685398      0.1148894      0.0667178      0.0375071      0.0720374
    216.3005066      0.1104462      0.0659095      0.1104685      0.0643619      0.0360782      0.0692630
    218.8051453      0.1063023      0.0633691      0.1061993      0.0620673      0.0346978      0.0665845
    221.3387909      0.1022952      0.0609160      0.1020776      0.0598369      0.0333642      0.0640085
    223.9017639      0.0984215      0.0585480      0.0980993      0.0576696      0.0320765      0.0615299
    226.4944305      0.0946777      0.0562625      0.0942602      0.0555642      0.0308333      0.0591439
    229.1171112      0.0910604      0.0540574      0.0905566      0.0535195      0.0296333      0.0568461
    231.7701721      0.0875661      0.0519301      0.0869844      0.0515344      0.0284752      0.0546558
    234.4539490      0.0841915      0.0498785      0.0835397      0.0496079      0.0273579      0.0525636
    237.1688080      0.0809333      0.0479004      0.0802189      0.0477386      0.0262802      0.0505672
    239.9151001      0.0777882      0.0459935      0.0770181      0.0459254      0.0252410      0.0486657
    242.6931915      0.0747531      0.0441556      0.0739337      0.0441672      0.0242391      0.0468584
    245.5034637      0.0718248      0.0423848      0.0709621      0.0424628      0.0232735      0.0451187
    248.3462372      0.0690001      0.0406789      0.0680999      0.0408110      0.0223432      0.0434397
    251.2219696      0.0662760      0.0390358      0.0653436      0.0392106      0.0214406      0.0418195
    254.1309662      0.0636495      0.0374537      0.0626898      0.0376605      0.0205628      0.0402550
    257.0736694      0.0611177      0.0359305      0.0601352      0.0361595      0.0197095      0.0387424
    260.0504456      0.0586777      0.0344643      0.0576766      0.0347065      0.0188804      0.0372800
    263.0616760      0.0563267      0.0330534      0.0553109      0.0333011      0.0180750      0.0358666
    266.1077881      0.0540619      0.0316959      0.0530351      0.0319429      0.0172996      0.0345007
    269.1891785      0.0518806      0.0303899      0.0508460      0.0306314      0.0165555      0.0331812
    272.3062134      0.0497801      0.0291339      0.0487409      0.0293661      0.0158415      0.0319066
    275.4593811      0.0477579      0.0279261      0.0467168      0.0281466      0.0151567      0.0306760
    278.6490173      0.0458114      0.0267649      0.0447711      0.0269715      0.0144999      0.0294879
    281.8756409      0.0439382      0.0256487      0.0429009      0.0258397      0.0138700      0.0283414
    285.1395874      0.0421358      0.0245760      0.0411038      0.0247499      0.0132660      0.0272350
    288.4413757      0.0404020      0.0235451      0.0393771      0.0237008      0.0126870      0.0261679
    291.7813416      0.0387343      0.0225547      0.0377183      0.0226912      0.0121320      0.0251388
    295.1600342      0.0371306      0.0216034      0.0361251      0.0217201      0.0116000      0.0241466
    298.5777893      0.0355888      0.0206898      0.0345952      0.0207861      0.0110903      0.0231902
    302.0351868      0.0341066      0.0198124      0.0331262      0.0198882      0.0106019      0.0222686
    305.5325623      0.0326821      0.0189701      0.0317159      0.0190251      0.0101340      0.0213807
    309.0704651      0.0313132      0.0181615      0.0303623      0.0181959      0.0096858      0.0205254
    312.6493530      0.0299979      0.0173854      0.0290632      0.0173994      0.0092565      0.0197016
    316.2696838      0.0287345      0.0166407      0.0278166      0.0166347      0.0088455      0.0189085
    319.9319153      0.0275210      0.0159261      0.0266206      0.0159007      0.0084519      0.0181450
    323.6365662      0.0263557      0.0152405      0.0254734      0.0151967      0.0080751      0.0174102
    327.3841248      0.0252368      0.0145829      0.0243730      0.0145216      0.0077143      0.0167031
    331.1750488      0.0241626      0.0139522      0.0233178      0.0138745      0.0073643      0.0160229
    335.0098877      0.0231316      0.0133475      0.0223059      0.0132546      0.0070244      0.0153686
    338.8890991      0.0221421      0.0127676      0.0213359      0.0126608      0.0066945      0.0147394
    342.8132629      0.0211927      0.0122118      0.0204060      0.0120921      0.0063743      0.0141343
    346.7828064      0.0202818      0.0116790      0.0195148      0.0115477      0.0060638      0.0135527
    350.7984009      0.0194080      0.0111683      0.0186606      0.0110266      0.0057674      0.0129936
    354.8604126      0.0185699      0.0106790      0.0178422      0.0105279      0.0054849      0.0124563
    358.9695129      0.0177661      0.0102101      0.0170581      0.0100508      0.0052157      0.0119400
    363.1261902      0.0169955      0.0097609      0.0163069      0.0095944      0.0049591      0.0114440
    367.3309937      0.0162566      0.0093306      0.0155874      0.0091581      0.0047146      0.0109675
    371.5844727      0.0155483      0.0089185      0.0148984      0.0087408      0.0044817      0.0105099
    375.8872375      0.0148694      0.0085238      0.0142385      0.0083420      0.0042598      0.0100705
    380.2397766      0.0142188      0.0081459      0.0136067      0.0079609      0.0040486      0.0096486
    384.6427612      0.0135954      0.0077841      0.0130018      0.0075968      0.0038474      0.0092436
    389.0966797      0.0129981      0.0074376      0.0124227      0.0072489      0.0036559      0.0088521
    393.6022339      0.0124260      0.0071061      0.0118684      0.0069167      0.0034736      0.0084725
    398.1599121      0.0118779      0.0067887      0.0113380      0.0065995      0.0033001      0.0081043
    402.7703857      0.0113530      0.0064850      0.0108303      0.0062966      0.0031350      0.0077473
    407.4342346      0.0108503      0.0061944      0.0103446      0.0060076      0.0029779      0.0074014
    412.1520996      0.0103690      0.0059164      0.0098799      0.0057317      0.0028284      0.0070690
    416.9246216      0.0099082      0.0056503      0.0094354      0.0054685      0.0026862      0.0067509
    421.7524109      0.0094671      0.0053959      0.0090102      0.0052173      0.0025510      0.0064516
    426.6360779      0.0090448      0.0051525      0.0086034      0.0049778      0.0024223      0.0061700
    431.5763245      0.0086407      0.0049197      0.0082145      0.0047494      0.0023009      0.0059051
    436.5737610      0.0082540      0.0046971      0.0078425      0.0045316      0.0021871      0.0056560
    441.6289978      0.0078839      0.0044842      0.0074869      0.0043241      0.0020804      0.0054219
    446.7428589      0.0075299      0.0042807      0.0071468      0.0041263      0.0019806      0.0051972
    451.9158630      0.0071912      0.0040861      0.0068218      0.0039379      0.0018871      0.0049814
    457.1488342      0.0068672      0.0039001      0.0065110      0.0037585      0.0017989      0.0047742
    462.4423218      0.0065573      0.0037224      0.0062140      0.0035876      0.0017147      0.0045753
    467.7971802      0.0062610      0.0035525      0.0059302      0.0034249      0.0016344      0.0043845
    473.2139893      0.0059775      0.0033901      0.0056589      0.0032701      0.0015579      0.0042013
    478.6935425      0.0057066      0.0032349      0.0053997      0.0031226      0.0014848      0.0040253
    484.2365417      0.0054475      0.0030866      0.0051521      0.0029823      0.0014151      0.0038555
    489.8437500      0.0051998      0.0029449      0.0049155      0.0028488      0.0013486      0.0036915
    495.5158386      0.0049630      0.0028095      0.0046894      0.0027218      0.0012852      0.0035334
    501.2536621      0.0047367      0.0026803      0.0044735      0.0026008      0.0012247      0.0033808
    507.0578918      0.0045204      0.0025568      0.0042673      0.0024855      0.0011671      0.0032340
    512.9293823      0.0043137      0.0024389      0.0040704      0.0023755      0.0011121      0.0030933
    518.8687744      0.0041162      0.0023262      0.0038822      0.0022705      0.0010596      0.0029587
    524.8770142      0.0039274      0.0022187      0.0037026      0.0021701      0.0010096      0.0028298
    530.9547729      0.0037471      0.0021160      0.0035311      0.0020741      0.0009620      0.0027064
    537.1029663      0.0035748      0.0020179      0.0033673      0.0019822      0.0009165      0.0025883
    543.3222656      0.0034103      0.0019242      0.0032110      0.0018943      0.0008732      0.0024752
    549.6136475      0.0032531      0.0018349      0.0030618      0.0018103      0.0008319      0.0023670
    555.9779053      0.0031030      0.0017495      0.0029193      0.0017298      0.0007925      0.0022634
    562.4158936      0.0029596      0.0016680      0.0027833      0.0016529      0.0007549      0.0021643
    568.9283447      0.0028227      0.0015903      0.0026535      0.0015793      0.0007191      0.0020695
    575.5162354      0.0026920      0.0015161      0.0025296      0.0015089      0.0006850      0.0019787
    582.1804810      0.0025670      0.0014453      0.0024114      0.0014417      0.0006525      0.0018919
    588.9217529      0.0024476      0.0013777      0.0022986      0.0013773      0.0006215      0.0018088
    595.7411499      0.0023335      0.0013132      0.0021912      0.0013158      0.0005919      0.0017291
    602.6394653      0.0022244      0.0012517      0.0020888      0.0012570      0.0005638      0.0016520
    609.6177368      0.0021201      0.0011930      0.0019911      0.0012008      0.0005370      0.0015774
    616.6767578      0.0020204      0.0011370      0.0018981      0.0011470      0.0005114      0.0015051
    623.8175659      0.0019252      0.0010836      0.0018094      0.0010957      0.0004871      0.0014352
    631.0409546      0.0018344      0.0010326      0.0017248      0.0010466      0.0004638      0.0013677
    638.3480835      0.0017476      0.0009840      0.0016441      0.0009997      0.0004417      0.0013034
    645.7398071      0.0016648      0.0009377      0.0015671      0.0009549      0.0004206      0.0012420
    653.2171631      0.0015859      0.0008934      0.0014937      0.0009120      0.0004005      0.0011835
    660.7810059      0.0015105      0.0008513      0.0014236      0.0008711      0.0003814      0.0011277
    668.4324951      0.0014386      0.0008111      0.0013568      0.0008321      0.0003632      0.0010745
    676.1725464      0.0013701      0.0007727      0.0012930      0.0007947      0.0003458      0.0010237
    684.0022583      0.0013047      0.0007362      0.0012322      0.0007591      0.0003293      0.0009753
    691.9226074      0.0012423      0.0007012      0.0011742      0.0007249      0.0003135      0.0009292
    699.9346924      0.0011828      0.0006666      0.0011189      0.0006923      0.0002985      0.0008852
    708.0395508      0.0011260      0.0006324      0.0010662      0.0006611      0.0002842      0.0008437
    716.2382812      0.0010719      0.0005986      0.0010159      0.0006312      0.0002706      0.0008045
    724.5318604      0.0010203      0.0005653      0.0009677      0.0006025      0.0002576      0.0007676
    732.9216309      0.0009711      0.0005327      0.0009209      0.0005751      0.0002453      0.0007329
    741.4084473      0.0009241      0.0005018      0.0008763      0.0005488      0.0002335      0.0007003
    749.9935913      0.0008794      0.0004728      0.0008336      0.0005236      0.0002223      0.0006692
    758.6781616      0.0008367      0.0004454      0.0007930      0.0004995      0.0002116      0.0006394
    767.4632568      0.0007961      0.0004196      0.0007543      0.0004763      0.0002015      0.0006110
    776.3500977      0.0007573      0.0003953      0.0007183      0.0004542      0.0001918      0.0005838
    785.3397827      0.0007204      0.0003731      0.0006840      0.0004330      0.0001825      0.0005579
    794.4335938      0.0006852      0.0003528      0.0006513      0.0004127      0.0001737      0.0005331
    803.6326904      0.0006517      0.0003344      0.0006201      0.0003933      0.0001651      0.0005093
    812.9383545      0.0006198      0.0003177      0.0005905      0.0003748      0.0001566      0.0004867
    822.3516235      0.0005895      0.0003025      0.0005622      0.0003571      0.0001484      0.0004650
    831.8740845      0.0005607      0.0002881      0.0005352      0.0003402      0.0001403      0.0004443
    841.5066528      0.0005332      0.0002743      0.0005095      0.0003240      0.0001326      0.0004245
    851.2509155      0.0005070      0.0002612      0.0004851      0.0003086      0.0001255      0.0004056
    861.1078491      0.0004821      0.0002487      0.0004618      0.0002938      0.0001189      0.0003875
    871.0790405      0.0004583      0.0002368      0.0004396      0.0002798      0.0001129      0.0003702
    881.1656494      0.0004356      0.0002255      0.0004184      0.0002665      0.0001074      0.0003536
    891.3690796      0.0004141      0.0002147      0.0003983      0.0002538      0.0001022      0.0003378
    901.6906128      0.0003935      0.0002044      0.0003791      0.0002416      0.0000973      0.0003227
    912.1317139      0.0003739      0.0001946      0.0003609      0.0002301      0.0000926      0.0003083
    922.6936035      0.0003554      0.0001852      0.0003435      0.0002192      0.0000882      0.0002946
    933.3779297      0.0003378      0.0001763      0.0003269      0.0002087      0.0000839      0.0002814
    944.1859131      0.0003213      0.0001679      0.0003112      0.0001988      0.0000799      0.0002689
    955.1190796      0.0003056      0.0001598      0.0002962      0.0001893      0.0000761      0.0002569
    966.1788330      0.0002909      0.0001521      0.0002818      0.0001803      0.0000724      0.0002454
    977.3666992      0.0002770      0.0001448      0.0002682      0.0001717      0.0000689      0.0002345
    986.3681641      0.0002638      0.0001391      0.0002575      0.0001635      0.0000662      0.0002259
    995.4739380      0.0002514      0.0001336      0.0002474      0.0001558      0.0000635      0.0002177
   1004.6851196      0.0002395      0.0001284      0.0002378      0.0001484      0.0000611      0.0002099
   1014.0030518      0.0002281      0.0001235      0.0002286      0.0001413      0.0000588      0.0002024
   1023.4287109      0.0002174      0.0001188      0.0002199      0.0001346      0.0000565      0.0001952
   1035.2795410      0.0002071      0.0001131      0.0002093      0.0001282      0.0000538      0.0001863
   1047.2674561      0.0001973      0.0001076      0.0001991      0.0001222      0.0000512      0.0001776
   1059.3942871      0.0001880      0.0001025      0.0001895      0.0001164      0.0000487      0.0001693
   1071.6613770      0.0001792      0.0000975      0.0001803      0.0001109      0.0000464      0.0001613
   1084.0706787      0.0001707      0.0000928      0.0001715      0.0001056      0.0000441      0.0001536
   1096.6235352      0.0001627      0.0000883      0.0001632      0.0001007      0.0000419      0.0001462
   1109.3218994      0.0001551      0.0000840      0.0001553      0.0000959      0.0000399      0.0001392
   1122.1672363      0.0001478      0.0000800      0.0001477      0.0000914      0.0000380      0.0001326
   1135.1612549      0.0001409      0.0000761      0.0001405      0.0000871      0.0000361      0.0001262
   1148.3057861      0.0001343      0.0000724      0.0001337      0.0000830      0.0000344      0.0001202
   1161.6025391      0.0001280      0.0000689      0.0001272      0.0000791      0.0000327      0.0001144
   1175.0532227      0.0001220      0.0000655      0.0001210      0.0000754      0.0000311      0.0001090
   1188.6597900      0.0001163      0.0000623      0.0001151      0.0000719      0.0000296      0.0001037
   1202.4237061      0.0001109      0.0000593      0.0001095      0.0000686      0.0000281      0.0000988
   1216.3471680      0.0001058      0.0000564      0.0001042      0.0000654      0.0000268      0.0000941
   1230.4317627      0.0001009      0.0000537      0.0000991      0.0000624      0.0000255      0.0000895
   1244.6795654      0.0000962      0.0000511      0.0000944      0.0000596      0.0000242      0.0000852
   1259.0921631      0.0000916      0.0000486      0.0000898      0.0000568      0.0000230      0.0000812
   1273.6717529      0.0000872      0.0000462      0.0000855      0.0000541      0.0000219      0.0000773
   1288.4201660      0.0000830      0.0000440      0.0000814      0.0000515      0.0000209      0.0000736
   1303.3393555      0.0000000      0.0000418      0.0000775      0.0000000      0.0000198      0.0000701
   1318.4313965      0.0000000      0.0000398      0.0000738      0.0000000      0.0000189      0.0000667
   1333.6982422      0.0000000      0.0000379      0.0000702      0.0000000      0.0000180      0.0000635
   1349.1417236      0.0000000      0.0000360      0.0000669      0.0000000      0.0000171      0.0000605
   1364.7641602      0.0000000      0.0000343      0.0000637      0.0000000      0.0000163      0.0000576
   1380.5673828      0.0000000      0.0000326      0.0000606      0.0000000      0.0000155      0.0000548
   1396.5535889      0.0000000      0.0000310      0.0000577      0.0000000      0.0000147      0.0000522
   1412.7249756      0.0000000      0.0000295      0.0000550      0.0000000      0.0000140      0.0000497
   1429.0833740      0.0000000      0.0000281      0.0000523      0.0000000      0.0000133      0.0000473
   1445.6314697      0.0000000      0.0000267      0.0000498      0.0000000      0.0000127      0.0000450
   1462.3709717      0.0000000      0.0000254      0.0000474      0.0000000      0.0000121      0.0000429
   1479.3045654      0.0000000      0.0000242      0.0000451      0.0000000      0.0000115      0.0000408
   1496.4339600      0.0000000      0.0000234      0.0000430      0.0000000      0.0000109      0.0000389
   1513.7619629      0.0000000      0.0000227      0.0000409      0.0000000      0.0000104      0.0000370
   1531.2904053      0.0000000      0.0000220      0.0000389      0.0000000      0.0000099      0.0000352
   1549.0219727      0.0000000      0.0000218      0.0000371      0.0000000      0.0000094      0.0000335
   1566.9586182      0.0000000      0.0000215      0.0000353      0.0000000      0.0000090      0.0000319
   1584.8933105      0.0000000      0.0000216      0.0000336      0.0000000      0.0000086      0.0000303
   1603.2451172      0.0000000      0.0000206      0.0000318      0.0000000      0.0000081      0.0000288
