#These templates represent the AGN-dominated sources.
#Separate templates are constructed for the lower-z (z<1.2) and higher-z (z>1.2) sources
#These are weighted averages of the best-fit models scaled to the total power output of each source
#For a description of the models used and other details see
#Sajina et al. 2012, ApJ, subm. 
#Please cite the above in any work that makes use of these templates
                   z<1.2      z>1.2
#Wavelength [um]   nuF_nu     nuF_nu
      0.6309574       0.0308252424001694      0.0199838      0.0416667      0.0074389      0.0037987      0.0122235
      0.6382635       0.0317836627364159      0.0206659      0.0429014      0.0077344      0.0039647      0.0127040
      0.6457399       0.0327822268009186      0.0213826      0.0441819      0.0080499      0.0041441      0.0132174
      0.6532171       0.0337809398770332      0.0220994      0.0454624      0.0083657      0.0043236      0.0137311
      0.6607810       0.0347999855875969      0.0228341      0.0467659      0.0086921      0.0045104      0.0142623
      0.6684325       0.0358395390212536      0.0235867      0.0480924      0.0090296      0.0047047      0.0148114
      0.6761726       0.0368995741009712      0.0243573      0.0494419      0.0093778      0.0049063      0.0153781
      0.6840023       0.0379803292453289      0.0251463      0.0508144      0.0097377      0.0051160      0.0159638
      0.6919227       0.0390819758176804      0.0259541      0.0522099      0.0101095      0.0053341      0.0165690
      0.6999348       0.0402044504880905      0.0267805      0.0536284      0.0104930      0.0055604      0.0171934
      0.7080396       0.0413480401039124      0.0276262      0.0550699      0.0108892      0.0057958      0.0178385
      0.7162383       0.0425130464136600      0.0284918      0.0565343      0.0112990      0.0060410      0.0185062
      0.7245320       0.0436992160975933      0.0293767      0.0580217      0.0117215      0.0062954      0.0191947
      0.7329217       0.0449068434536457      0.0302817      0.0595320      0.0121578      0.0065599      0.0199059
      0.7414085       0.0461362600326538      0.0312075      0.0610651      0.0126089      0.0068354      0.0206417
      0.7499936       0.0473873540759087      0.0321538      0.0626210      0.0130747      0.0071218      0.0214018
      0.7586781       0.0486594811081886      0.0331194      0.0641996      0.0135548      0.0074190      0.0221853
      0.7674632       0.0499524064362049      0.0341040      0.0658009      0.0140510      0.0077286      0.0229958
      0.7763500       0.0512658730149269      0.0351071      0.0674247      0.0145632      0.0080505      0.0238327
      0.7853397       0.0525998026132584      0.0361286      0.0690710      0.0150918      0.0083851      0.0246969
      0.7944335       0.0539541803300381      0.0371686      0.0707398      0.0156373      0.0087330      0.0255893
      0.8036326       0.0553295016288757      0.0382282      0.0724308      0.0162001      0.0090946      0.0265104
      0.8129383       0.0567263849079609      0.0393088      0.0741440      0.0167808      0.0094705      0.0274615
      0.8223516       0.0581450462341309      0.0404108      0.0758793      0.0173809      0.0098622      0.0284451
      0.8318740       0.0595853775739670      0.0415342      0.0776365      0.0180000      0.0102695      0.0294607
      0.8415067       0.0610473938286304      0.0426792      0.0794156      0.0186386      0.0106929      0.0305089
      0.8512508       0.0625312700867653      0.0438462      0.0812164      0.0192984      0.0111341      0.0315930
      0.8611079       0.0640368759632111      0.0450351      0.0830387      0.0199789      0.0115927      0.0327119
      0.8710790       0.0655642747879028      0.0462462      0.0848824      0.0206809      0.0120697      0.0338670
      0.8811657       0.0671134367585182      0.0474795      0.0867474      0.0214050      0.0125656      0.0350593
      0.8913691       0.0686845779418945      0.0487357      0.0886334      0.0221529      0.0130824      0.0362923
      0.9016907       0.0702775195240974      0.0500146      0.0905404      0.0229242      0.0136198      0.0375649
      0.9121317       0.0718922764062881      0.0513163      0.0924682      0.0237196      0.0141786      0.0388784
      0.9226937       0.0735290348529816      0.0526415      0.0944166      0.0245450      0.0147611      0.0402368
      0.9333780       0.0751876011490822      0.0539899      0.0963853      0.0254003      0.0153669      0.0416387
      0.9441860       0.0768681913614273      0.0553620      0.0983744      0.0263157      0.0159984      0.0430887
      0.9551192       0.0785705894231796      0.0567578      0.1003834      0.0273015      0.0166552      0.0443554
      0.9661790       0.0802951902151108      0.0581781      0.1024123      0.0283675      0.0173414      0.0453969
      0.9773667       0.0820413827896118      0.0596220      0.1044608      0.0295085      0.0180538      0.0463783
      0.9886842       0.0838097557425499      0.0610908      0.1065288      0.0307362      0.0187981      0.0474121
      1.0001326       0.0855999141931534      0.0625839      0.1086159      0.0320247      0.0195728      0.0484950
      1.0117135       0.0874120295047760      0.0641019      0.1107222      0.0333698      0.0203806      0.0498620
      1.0234287       0.0892459079623222      0.0656446      0.1128472      0.0347715      0.0212213      0.0515626
      1.0352794       0.0911019444465637      0.0672131      0.1149908      0.0359673      0.0221001      0.0534355
      1.0472673       0.0929797142744064      0.0688066      0.1171528      0.0369570      0.0230150      0.0553746
      1.0593941       0.0948794037103653      0.0704259      0.1193329      0.0379310      0.0239695      0.0573871
      1.0716614       0.0968009904026985      0.0720710      0.1215310      0.0389201      0.0249654      0.0594753
      1.0840706       0.0987444221973419      0.0737421      0.1237467      0.0399642      0.0260045      0.0616428
      1.0966235       0.1007094755768776      0.0754391      0.1259799      0.0413339      0.0270867      0.0638876
      1.1093218       0.1026966050267220      0.0771629      0.1282303      0.0430380      0.0282188      0.0662236
      1.1221672       0.1047052741050720      0.0789130      0.1304976      0.0448872      0.0293981      0.0686434
      1.1351613       0.1067359894514084      0.0806903      0.1327816      0.0468669      0.0306319      0.0711618
      1.1483058       0.1087884679436684      0.0824948      0.1350822      0.0489405      0.0319204      0.0737773
      1.1616026       0.1108626648783684      0.0843264      0.1373990      0.0511122      0.0332655      0.0764932
      1.1750532       0.1129586100578308      0.0861855      0.1397317      0.0533888      0.0346711      0.0793152
      1.1886598       0.1150765046477318      0.0880728      0.1420802      0.0557799      0.0361422      0.0822531
      1.2024238       0.1172157675027847      0.0899873      0.1444442      0.0582804      0.0376760      0.0852990
      1.2163472       0.1193766742944717      0.0919299      0.1468234      0.0609018      0.0392787      0.0884641
      1.2304319       0.1215594857931137      0.0939013      0.1492176      0.0636569      0.0409486      0.0917605
      1.2446796       0.1237638592720032      0.0959012      0.1516265      0.0665474      0.0426593      0.0951878
      1.2590923       0.1259897947311401      0.0979297      0.1540499      0.0695797      0.0445760      0.0987507
      1.2736719       0.1282375901937485      0.0999877      0.1564875      0.0727684      0.0467538      0.1024631
      1.2884203       0.1305072158575058      0.1020754      0.1589390      0.0761230      0.0492192      0.1063322
      1.3033395       0.1327986419200897      0.1041930      0.1614043      0.0796533      0.0520093      0.1103656
      1.3184315       0.1351084411144257      0.1063343      0.1638826      0.0832755      0.0550900      0.1144736
      1.3336982       0.1374346166849136      0.1084956      0.1663737      0.0869415      0.0582586      0.1186052
      1.3491417       0.1397765874862671      0.1106762      0.1688770      0.0906397      0.0614447      0.1227481
      1.3647641       0.1421341598033905      0.1128758      0.1713925      0.0943680      0.0646415      0.1268990
      1.3805673       0.1445070803165436      0.1150944      0.1739198      0.0981236      0.0678416      0.1310549
      1.3965535       0.1468982547521591      0.1173377      0.1764589      0.1019865      0.0711192      0.1352985
      1.4127249       0.1493081152439117      0.1196066      0.1790096      0.1059722      0.0744995      0.1396458
      1.4290833       0.1517337560653687      0.1218961      0.1815714      0.1099981      0.0779374      0.1440134
      1.4456314       0.1541745364665985      0.1242051      0.1841440      0.1140508      0.0814217      0.1483875
      1.4623710       0.1566303223371506      0.1265336      0.1867271      0.1181288      0.0849517      0.1527659
      1.4793044       0.1591008305549622      0.1288812      0.1893204      0.1222280      0.0885243      0.1571580
      1.4964340       0.1615869998931885      0.1312501      0.1919239      0.1263796      0.0921681      0.1616218
      1.5137619       0.1640900969505310      0.1336429      0.1945373      0.1306244      0.0959200      0.1661969
      1.5312904       0.1666082143783569      0.1360562      0.1971602      0.1349039      0.0997256      0.1708228
      1.5490220       0.1691406965255737      0.1384891      0.1997923      0.1392027      0.1035707      0.1754859
      1.5669588       0.1716878116130829      0.1409421      0.2024335      0.1435329      0.1074677      0.1801872
      1.5851033       0.1742598116397858      0.1434152      0.2051045      0.1478919      0.1114146      0.1848991
      1.6034579       0.1768590956926346      0.1459106      0.2078076      0.1523202      0.1154502      0.1896638
      1.6220251       0.1794853508472443      0.1484261      0.2105446      0.1567738      0.1195304      0.1944368
      1.6408073       0.1821388006210327      0.1509616      0.2133160      0.1612502      0.1236533      0.1992154
      1.6598068       0.1848190575838089      0.1535160      0.2161221      0.1657311      0.1278016      0.2039801
      1.6790266       0.1876544952392578      0.1563665      0.2189425      0.1702314      0.1319903      0.2087462
      1.6984688       0.1906729042530060      0.1595704      0.2217754      0.1747676      0.1362364      0.2135300
      1.7181361       0.1938363462686539      0.1630551      0.2246176      0.1793233      0.1405213      0.2183167
      1.7380311       0.1971494406461716      0.1668304      0.2274685      0.1838964      0.1448433      0.2231039
      1.7581567       0.2006252259016037      0.1709222      0.2303282      0.1885052      0.1492212      0.2279098
      1.7785151       0.2041302472352982      0.1750644      0.2331961      0.1931297      0.1536354      0.2327137
      1.7991093       0.2076410204172134      0.1792103      0.2360717      0.1977483      0.1580648      0.2374935
      1.8199420       0.2111679464578629      0.1833807      0.2389552      0.2023869      0.1625334      0.2422771
      1.8410159       0.2147102504968643      0.1875742      0.2418463      0.2070439      0.1670398      0.2470625
      1.8623339       0.2182681262493134      0.1917913      0.2447449      0.2117199      0.1715855      0.2518499
      1.8838987       0.2213541567325592      0.1950576      0.2476507      0.2164130      0.1761689      0.2566371
      1.9057133       0.2239587604999542      0.1973548      0.2505627      0.2210734      0.1807379      0.2614015
      1.9277804       0.2261523902416229      0.1988234      0.2534814      0.2257362      0.1853275      0.2662029
      1.9501030       0.2284002304077148      0.2001243      0.2566761      0.2304243      0.1899622      0.2710701
      1.9726841       0.2306999266147614      0.2012329      0.2601670      0.2351135      0.1946171      0.2759810
      1.9955268       0.2335238158702850      0.2031052      0.2639425      0.2397757      0.1992625      0.2809052
      2.0186338       0.2368656098842621      0.2057403      0.2679909      0.2444292      0.2039167      0.2858309
      2.0420086       0.2406734228134155      0.2090470      0.2722999      0.2490936      0.2085747      0.2907503
      2.0656538       0.2444958537817001      0.2123665      0.2766252      0.2537698      0.2132177      0.2956641
      2.0895731       0.2483105361461639      0.2156883      0.2809328      0.2584287      0.2178151      0.3005381
      2.1137691       0.2521149516105652      0.2190108      0.2852191      0.2630653      0.2223624      0.3053669
      2.1382453       0.2559144496917725      0.2223375      0.2894913      0.2676891      0.2268690      0.3101618
      2.1630051       0.2597255408763885      0.2256794      0.2937717      0.2723307      0.2313913      0.3149584
      2.1880517       0.2635375857353210      0.2290294      0.2980458      0.2769707      0.2359266      0.3197341
      2.2133880       0.2673291563987732      0.2323732      0.3022851      0.2815690      0.2404349      0.3244426
      2.2390180       0.2711172401905060      0.2357222      0.3065123      0.2861570      0.2449469      0.3291207
      2.2649446       0.2749103307723999      0.2390819      0.3107387      0.2907504      0.2481430      0.3337867
      2.2911713       0.2787027955055237      0.2424486      0.3149571      0.2933636      0.2493019      0.3384288
      2.3177018       0.2824601233005524      0.2457994      0.3191209      0.2950653      0.2495873      0.3429725
      2.3445396       0.2862177491188049      0.2491577      0.3232778      0.2959222      0.2490645      0.3474945
      2.3716879       0.2899751663208008      0.2525233      0.3274271      0.2955437      0.2473541      0.3519940
      2.3991508       0.2937210798263550      0.2558884      0.3315538      0.2939065      0.2457675      0.3564469
      2.4269316       0.2974454164505005      0.2592466      0.3356443      0.2929595      0.2455085      0.3608317
      2.4550343       0.3011777102947235      0.2626171      0.3397383      0.2916170      0.2462303      0.3652122
      2.4834621       0.3049193620681763      0.2660011      0.3438376      0.2905419      0.2479450      0.3695918
      2.5122194       0.3086367845535278      0.2693761      0.3478975      0.2901021      0.2509721      0.3738985
      2.5413094       0.3123394846916199      0.2727484      0.3519306      0.2902628      0.2553411      0.3781531
      2.5707364       0.3160659968852997      0.2761257      0.3560063      0.2910472      0.2605711      0.3823809
      2.6005042       0.3199423551559448      0.2796608      0.3602239      0.2925511      0.2658119      0.3865481
      2.6306167       0.3239977955818176      0.2834207      0.3645749      0.2940995      0.2710458      0.3906368
      2.6610777       0.3282692432403564      0.2874332      0.3691053      0.2955409      0.2763355      0.3947126
      2.6918914       0.3327478766441345      0.2916934      0.3738024      0.2975365      0.2816599      0.3987539
      2.7230623       0.3373883962631226      0.2961882      0.3785886      0.3003368      0.2869837      0.4027256
      2.7545936       0.3420726656913757      0.3007740      0.3833713      0.3038666      0.2923419      0.4066632
      2.7864904       0.3467652797698975      0.3053813      0.3881493      0.3081325      0.2977328      0.4105655
      2.8187566       0.3514435291290283      0.3099911      0.3928960      0.3132803      0.3031239      0.4144007
      2.8513961       0.3561212420463562      0.3146150      0.3976275      0.3187131      0.3085348      0.4181888
      2.8844137       0.3608157038688660      0.3192673      0.4023641      0.3241869      0.3139902      0.4219539
      2.9178138       0.3655070066452026      0.3239315      0.4070825      0.3296731      0.3194614      0.4256689
      2.9516003       0.3702071011066437      0.3286176      0.4117966      0.3351890      0.3249660      0.4293503
      2.9857783       0.3749457001686096      0.3333239      0.4165674      0.3407317      0.3305008      0.4330045
      3.0203521       0.3797035217285156      0.3380298      0.4213773      0.3462651      0.3360299      0.4366428
      3.0553260       0.3844834268093109      0.3427369      0.4262300      0.3517920      0.3412340      0.4402690
      3.0907052       0.3892903327941895      0.3474444      0.4311363      0.3573247      0.3458656      0.4438958
      3.1264937       0.3940898776054382      0.3520958      0.4360840      0.3628466      0.3498994      0.4475089
      3.1626968       0.3988735675811768      0.3567085      0.4410386      0.3683912      0.3533497      0.4511318
      3.1993191       0.4036329388618469      0.3612814      0.4459845      0.3739553      0.3562307      0.4547245
      3.2363653       0.4083667099475861      0.3658126      0.4509209      0.3791977      0.3588502      0.4583613
      3.2738407       0.4130812883377075      0.3703111      0.4558515      0.3837790      0.3614590      0.4620477
      3.3117499       0.4177950620651245      0.3748197      0.4607704      0.3876891      0.3640563      0.4657773
      3.3500984       0.4225074350833893      0.3793380      0.4656769      0.3909077      0.3666418      0.4695517
      3.3888907       0.4272082746028900      0.3838585      0.4705580      0.3934523      0.3692147      0.4733476
      3.4281323       0.4318883717060089      0.3883744      0.4754023      0.3956486      0.3717740      0.4770783
      3.4678283       0.4365425705909729      0.3928820      0.4802032      0.3980598      0.3743191      0.4807365
      3.5079837       0.4410006403923035      0.3973922      0.4846091      0.4010764      0.3768506      0.4843445
      3.5486042       0.4451635479927063      0.4019015      0.4884256      0.4047100      0.3793679      0.4878956
      3.5896952       0.4490562379360199      0.4064267      0.4916857      0.4089657      0.3818718      0.4914235
      3.6312618       0.4526815414428711      0.4109704      0.4943926      0.4138517      0.3843621      0.4949336
      3.6733098       0.4560345411300659      0.4155250      0.4965441      0.4191357      0.3868380      0.4984128
      3.7158446       0.4592673182487488      0.4200415      0.4984931      0.4244244      0.3892977      0.5018238
      3.7588720       0.4624695181846619      0.4245182      0.5004208      0.4297169      0.3922055      0.5051654
      3.8023977       0.4655201435089111      0.4287131      0.5023272      0.4350048      0.3956127      0.5084238
      3.8464274       0.4683719575405121      0.4325315      0.5042124      0.4402972      0.3995346      0.5116165
      3.8909671       0.4710269272327423      0.4359772      0.5060767      0.4455996      0.4039789      0.5147547
      3.9360225       0.4735033214092255      0.4390864      0.5079202      0.4509281      0.4089594      0.5178690
      3.9815996       0.4757984578609467      0.4418539      0.5097430      0.4562714      0.4140125      0.5209398
      4.0277042       0.4780333638191223      0.4445214      0.5115453      0.4616426      0.4190970      0.5239915
      4.0743432       0.4802534282207489      0.4471798      0.5133271      0.4670233      0.4241982      0.5269917
      4.1215215       0.4824587106704712      0.4498290      0.5150884      0.4724125      0.4293155      0.5299398
      4.1692467       0.4846491813659668      0.4524689      0.5168294      0.4778057      0.4344453      0.5328286
      4.2175241       0.4868248701095581      0.4550994      0.5185503      0.4832128      0.4395954      0.5356769
      4.2663608       0.4889844655990601      0.4577176      0.5202513      0.4886292      0.4447623      0.5384775
      4.3157625       0.4911118149757385      0.4602912      0.5219324      0.4940535      0.4499447      0.5412294
      4.3657370       0.4932107925415039      0.4628202      0.5236014      0.4994925      0.4551480      0.5440968
      4.4162893       0.4952917098999023      0.4653044      0.5252790      0.5048919      0.4603719      0.5475138
      4.4674277       0.4973545670509338      0.4677436      0.5269656      0.5097435      0.4656093      0.5514719
      4.5191584       0.4994006156921387      0.4701404      0.5286608      0.5140265      0.4708527      0.5559602
      4.5714879       0.5014473199844360      0.4725268      0.5303678      0.5177333      0.4761042      0.5609893
      4.6244230       0.5035703182220459      0.4749028      0.5322378      0.5208412      0.4813530      0.5663911
      4.6779714       0.5057587623596191      0.4772684      0.5342492      0.5233952      0.4865983      0.5717368
      4.7321401       0.5080146789550781      0.4796235      0.5364058      0.5259004      0.4917069      0.5770492
      4.7869353       0.5103375315666199      0.4819683      0.5387067      0.5283724      0.4962358      0.5823699
      4.8423653       0.5127255916595459      0.4843030      0.5411482      0.5308219      0.5001830      0.5877302
      4.8984375       0.5151013135910034      0.4866275      0.5435750      0.5332649      0.5035512      0.5931554
      4.9551587       0.5174573063850403      0.4889419      0.5459727      0.5356845      0.5063186      0.5986187
      5.0125365       0.5197840332984924      0.4912459      0.5483221      0.5380582      0.5086012      0.6037470
      5.0705791       0.5220835208892822      0.4935397      0.5506273      0.5403910      0.5108472      0.6083243
      5.1292934       0.5243531465530396      0.4958231      0.5528831      0.5426770      0.5130517      0.6123441
      5.1886878       0.5265805721282959      0.4980960      0.5550652      0.5448872      0.5151911      0.6157571
      5.2487702       0.5287775397300720      0.5003586      0.5571965      0.5470493      0.5172877      0.6185970
      5.3095484       0.5309689044952393      0.5026112      0.5593266      0.5492028      0.5193737      0.6212521
      5.3710303       0.5331447124481201      0.5048536      0.5614358      0.5513130      0.5214206      0.6238706
      5.4332237       0.5353046655654907      0.5070859      0.5635235      0.5533794      0.5234062      0.6264266
      5.4961371       0.5374585390090942      0.5093082      0.5656089      0.5554245      0.5253209      0.6289508
      5.5597796       0.5395911931991577      0.5115203      0.5676621      0.5574132      0.5271354      0.6313947
      5.6241584       0.5416820049285889      0.5137222      0.5696418      0.5593165      0.5288260      0.6337177
      5.6892834       0.5437539815902710      0.5159142      0.5715938      0.5611976      0.5304467      0.6360069
      5.7551618       0.5457992553710938      0.5180963      0.5735022      0.5630386      0.5320041      0.6382373
      5.8218036       0.5478098392486572      0.5202686      0.5753510      0.5648215      0.5335106      0.6403839
      5.8892169       0.5497983098030090      0.5224312      0.5771654      0.5665751      0.5349916      0.6424863
      5.9574108       0.5517672300338745      0.5245842      0.5789502      0.5683050      0.5364519      0.6445518
      6.0263944       0.5537007451057434      0.5267275      0.5806740      0.5699759      0.5378611      0.6465315
      6.0961771       0.5556091666221619      0.5288613      0.5823570      0.5716108      0.5392392      0.6484572
      6.1667676       0.5574842691421509      0.5309856      0.5839829      0.5731914      0.5405706      0.6503029
      6.2381754       0.5593338012695312      0.5331005      0.5855670      0.5747353      0.5418705      0.6521219
      6.3104100       0.5613387823104858      0.5355631      0.5871145      0.5762484      0.5431442      0.6539512
      6.3834810       0.5636491775512695      0.5387056      0.5885927      0.5776942      0.5443603      0.6557430
      6.4573984       0.5661311149597168      0.5422553      0.5900068      0.5790784      0.5455238      0.6575053
      6.5321712       0.5687270164489746      0.5456920      0.5917620      0.5804304      0.5466605      0.6592800
      6.6078100       0.5717096924781799      0.5490142      0.5944052      0.5817323      0.5477547      0.6610132
      6.6843247       0.5749012231826782      0.5518603      0.5979421      0.5829776      0.5488012      0.6626680
      6.7617254       0.5781543254852295      0.5538930      0.6024157      0.5846876      0.5498312      0.6642917
      6.8400226       0.5815798640251160      0.5553282      0.6078315      0.5869609      0.5508393      0.6658759
      6.9192266       0.5852226614952087      0.5566392      0.6138061      0.5897979      0.5518098      0.6673958
      6.9993477       0.5887929201126099      0.5578148      0.6197711      0.5931921      0.5527268      0.6688265
      7.0803967       0.5923142433166504      0.5588723      0.6257561      0.5971665      0.5535979      0.6702164
      7.1623836       0.5957520008087158      0.5597854      0.6317186      0.6012178      0.5543331      0.6715000
      7.2453203       0.5987136363983154      0.5606265      0.6368008      0.6052670      0.5549709      0.6727337
      7.3292170       0.6010073423385620      0.5614240      0.6405908      0.6093135      0.5558088      0.6739169
      7.4140854       0.6026297807693481      0.5621742      0.6430854      0.6133537      0.5572525      0.6750616
      7.4999361       0.6036404371261597      0.5630343      0.6442465      0.6173697      0.5593005      0.6761545
      7.5867810       0.6042135953903198      0.5643179      0.6441092      0.6213842      0.5620489      0.6772617
      7.6746316       0.6047915816307068      0.5660600      0.6435232      0.6253764      0.5654655      0.6783265
      7.7634997       0.6055700778961182      0.5682828      0.6428574      0.6293333      0.5692695      0.6793339
      7.8533969       0.6064988374710083      0.5710013      0.6419964      0.6326472      0.5728129      0.6788747
      7.9443350       0.6074930429458618      0.5740487      0.6409373      0.6352134      0.5760511      0.6766883
      8.0363264       0.6084095239639282      0.5771439      0.6396752      0.6367213      0.5788525      0.6724102
      8.1293831       0.6092129945755005      0.5802212      0.6382049      0.6353965      0.5810664      0.6654564
      8.2235165       0.6094273328781128      0.5822772      0.6365774      0.6300069      0.5822751      0.6554633
      8.3187408       0.6089391708374023      0.5829685      0.6349098      0.6206025      0.5786859      0.6434807
      8.4150667       0.6080660223960876      0.5829306      0.6332014      0.6070263      0.5692144      0.6297499
      8.5125084       0.6052831411361694      0.5791111      0.6314552      0.5897097      0.5542156      0.6149507
      8.6110792       0.6014376878738403      0.5731998      0.6296756      0.5707999      0.5343850      0.6002222
      8.7107906       0.5971702337265015      0.5664043      0.6279361      0.5521099      0.5129269      0.5863296
      8.8116560       0.5926001667976379      0.5588682      0.6263322      0.5339964      0.4942631      0.5734689
      8.9136906       0.5869537591934204      0.5494406      0.6244670      0.5177933      0.4787715      0.5577073
      9.0169058       0.5817667841911316      0.5409657      0.6225678      0.5033693      0.4657871      0.5422960
      9.1213169       0.5760370492935181      0.5314348      0.6206393      0.4893801      0.4553326      0.5249786
      9.2269373       0.5700210332870483      0.5214252      0.6186169      0.4753710      0.4453414      0.5068673
      9.3337803       0.5642548799514771      0.5120960      0.6164138      0.4628729      0.4353183      0.4893779
      9.4418602       0.5598644018173218      0.5052919      0.6144369      0.4525698      0.4274381      0.4780899
      9.5511923       0.5571217536926270      0.5017761      0.6124674      0.4462599      0.4239982      0.4711286
      9.6617899       0.5564147233963013      0.5013843      0.6114452      0.4453902      0.4244252      0.4706464
      9.7736673       0.5579079985618591      0.5032240      0.6125920      0.4495605      0.4268565      0.4749016
      9.8868418       0.5614274144172668      0.5065653      0.6162895      0.4563064      0.4308358      0.4833397
     10.0013256       0.5666146874427795      0.5104195      0.6228099      0.4628662      0.4350300      0.4937669
     10.1171350       0.5721732378005981      0.5143342      0.6300123      0.4674438      0.4376014      0.5043472
     10.2342863       0.5778193473815918      0.5186847      0.6369539      0.4707730      0.4422047      0.5144355
     10.3527937       0.5829022526741028      0.5233946      0.6424099      0.4741189      0.4496154      0.5240047
     10.4726734       0.5870801210403442      0.5281649      0.6459953      0.4792790      0.4601715      0.5322444
     10.5939407       0.5900258421897888      0.5326189      0.6474328      0.4877321      0.4727799      0.5396301
     10.7166128       0.5930316448211670      0.5372057      0.6488575      0.5001542      0.4868243      0.5470105
     10.8407049       0.5957362651824951      0.5412031      0.6502694      0.5160414      0.4988357      0.5551426
     10.9662342       0.5984787344932556      0.5452892      0.6516683      0.5328901      0.5093324      0.5668235
     11.0932178       0.6012899875640869      0.5495257      0.6530543      0.5491121      0.5182861      0.5826594
     11.2216711       0.6041589975357056      0.5538907      0.6544273      0.5641667      0.5263432      0.6006259
     11.3516121       0.6067832708358765      0.5577793      0.6557872      0.5772048      0.5340394      0.6196520
     11.4830580       0.6095673441886902      0.5620008      0.6571339      0.5872805      0.5411485      0.6391507
     11.6160259       0.6122460365295410      0.5660247      0.6584674      0.5959223      0.5476118      0.6566727
     11.7505341       0.6146745681762695      0.5695615      0.6597876      0.6040561      0.5550401      0.6717736
     11.8865986       0.6168615818023682      0.5726289      0.6610943      0.6115907      0.5635092      0.6864092
     12.0242395       0.6188045740127563      0.5752149      0.6623943      0.6184092      0.5724500      0.7006934
     12.1634731       0.6204732060432434      0.5772455      0.6637009      0.6244590      0.5805901      0.7141767
     12.3043194       0.6218397021293640      0.5786738      0.6650056      0.6294885      0.5874562      0.7264354
     12.4467964       0.6230554580688477      0.5797399      0.6663710      0.6330891      0.5914598      0.7371491
     12.5909233       0.6241431832313538      0.5804785      0.6678079      0.6353360      0.5928149      0.7464082
     12.7367191       0.6251198053359985      0.5809292      0.6693103      0.6364865      0.5921271      0.7544622
     12.8842030       0.6259847879409790      0.5811037      0.6708659      0.6368300      0.5907231      0.7618087
     13.0333958       0.6267852187156677      0.5810868      0.6724836      0.6365911      0.5889691      0.7688281
     13.1843147       0.6275116801261902      0.5809219      0.6741015      0.6360491      0.5874352      0.7757207
     13.3369818       0.6281605958938599      0.5806121      0.6757091      0.6352410      0.5863183      0.7825114
     13.4914169       0.6287469267845154      0.5801874      0.6773064      0.6341977      0.5856315      0.7891007
     13.6476402       0.6293150186538696      0.5797372      0.6788928      0.6328176      0.5850310      0.7931922
     13.8056717       0.6298664808273315      0.5792651      0.6804679      0.6311200      0.5842810      0.7947710
     13.9655342       0.6304080486297607      0.5787843      0.6820317      0.6291859      0.5830089      0.7937982
     14.1272469       0.6309387683868408      0.5782940      0.6835836      0.6270055      0.5810324      0.7901708
     14.2908325       0.6314465999603271      0.5777702      0.6851229      0.6244208      0.5782150      0.7836109
     14.4563122       0.6319197416305542      0.5771906      0.6866489      0.6212794      0.5746642      0.7757956
     14.6237087       0.6323416829109192      0.5765226      0.6881607      0.6174566      0.5704385      0.7662281
     14.7930431       0.6327029466629028      0.5757484      0.6896576      0.6152894      0.5664071      0.7546521
     14.9643383       0.6329945325851440      0.5748504      0.6911387      0.6147933      0.5640833      0.7408373
     15.1376181       0.6332226991653442      0.5738397      0.6926057      0.6161081      0.5635699      0.7282445
     15.3129034       0.6333721876144409      0.5725240      0.6942204      0.6194740      0.5644857      0.7194038
     15.4902191       0.6334537267684937      0.5709121      0.6959954      0.6214805      0.5659826      0.7148101
     15.6695881       0.6335129737854004      0.5690570      0.6979690      0.6189418      0.5672740      0.7148591
     15.8510342       0.6335675120353699      0.5669861      0.7001489      0.6119816      0.5666008      0.7198927
     16.0345802       0.6336357593536377      0.5647308      0.7025408      0.6008337      0.5620447      0.7268468
     16.2202530       0.6337680816650391      0.5625458      0.7049904      0.5857626      0.5544333      0.7338116
     16.4080734       0.6339845657348633      0.5604769      0.7074922      0.5723544      0.5450028      0.7408213
     16.5980701       0.6342674493789673      0.5585197      0.7100151      0.5627075      0.5339169      0.7478740
     16.7902660       0.6346269249916077      0.5566955      0.7125584      0.5567795      0.5216656      0.7549946
     16.9846878       0.6350590586662292      0.5549973      0.7151209      0.5543737      0.5103199      0.7621756
     17.1813622       0.6355614662170410      0.5534219      0.7177011      0.5552744      0.4998298      0.7692834
     17.3803120       0.6361352205276489      0.5519726      0.7202978      0.5574868      0.4901936      0.7744920
     17.5815659       0.6367789506912231      0.5506483      0.7229096      0.5598409      0.4813841      0.7779274
     17.7851505       0.6374917030334473      0.5494484      0.7255350      0.5623273      0.4733769      0.7797152
     17.9910927       0.6382857561111450      0.5483987      0.7281728      0.5649952      0.4668005      0.7800837
     18.1994209       0.6391681432723999      0.5475147      0.7308216      0.5678550      0.4624444      0.7793735
     18.4101601       0.6401436328887939      0.5468075      0.7334799      0.5709126      0.4601825      0.7796186
     18.6233387       0.6412063837051392      0.5462672      0.7361455      0.5741737      0.4598954      0.7807634
     18.8389874       0.6423618793487549      0.5459071      0.7388167      0.5776477      0.4612707      0.7828933
     19.0571308       0.6435962319374084      0.5457018      0.7414907      0.5977341      0.4634757      0.7858680
     19.2778034       0.6448975801467896      0.5456135      0.7441817      0.5986625      0.4655586      0.7894771
     19.5010281       0.6462732553482056      0.5456134      0.7469330      0.5995862      0.4674581      0.7935618
     19.7268391       0.6472020745277405      0.5446885      0.7497157      0.6005315      0.4683088      0.7921132
     19.9552650       0.6482238769531250      0.5438918      0.7525558      0.6015805      0.4691469      0.7913448
     20.1863384       0.6492791175842285      0.5431092      0.7554490      0.6028136      0.4700065      0.7907976
     20.4200859       0.6503401994705200      0.5423048      0.7583756      0.6043042      0.4708758      0.7904534
     20.6565399       0.6513777971267700      0.5414692      0.7612865      0.6061197      0.4717636      0.7902727
     20.8957329       0.6529005169868469      0.5415959      0.7642051      0.6081923      0.4734735      0.7961734
     21.1376953       0.6543444395065308      0.5415898      0.7670991      0.6104257      0.4751167      0.8017168
     21.3824577       0.6557558774948120      0.5415452      0.7699667      0.6127237      0.4767420      0.8072655
     21.6300545       0.6571243405342102      0.5414447      0.7728040      0.6149968      0.4783365      0.8127271
     21.8805180       0.6584346294403076      0.5412619      0.7756074      0.6171602      0.4798948      0.8180711
     22.1338825       0.6596754789352417      0.5409786      0.7783725      0.6191803      0.4813969      0.8231555
     22.3901806       0.6608437895774841      0.5405921      0.7810955      0.6210523      0.4828396      0.8279648
     22.6494465       0.6619263887405396      0.5400809      0.7837719      0.6227728      0.4841988      0.8323252
     22.9117146       0.6629439592361450      0.5394899      0.7863980      0.6243367      0.4854847      0.8363191
     23.1770191       0.6639041900634766      0.5388386      0.7889698      0.6257399      0.4866947      0.8399402
     23.4453964       0.6648131608963013      0.5381427      0.7914836      0.6270414      0.4878462      0.8433201
     23.7168808       0.6656600236892700      0.5373854      0.7939347      0.6283056      0.4889200      0.8463236
     23.9915085       0.6664525270462036      0.5365856      0.7963194      0.6295964      0.4899361      0.8491132
     24.2693176       0.6671838760375977      0.5357347      0.7986330      0.6309794      0.4908932      0.8516225
     24.5503426       0.6678512096405029      0.5348312      0.8008713      0.6325204      0.4917736      0.8538477
     24.8346214       0.6684498190879822      0.5338703      0.8030293      0.6342227      0.4925879      0.8557560
     25.1221924       0.6689846515655518      0.5328663      0.8051030      0.6361166      0.4933348      0.8579400
     25.4130936       0.6694481372833252      0.5318087      0.8070875      0.6381952      0.4940197      0.8610111
     25.7073631       0.6698409318923950      0.5307035      0.8089783      0.6404057      0.4938126      0.8650562
     26.0050392       0.6701564788818359      0.5295426      0.8107703      0.6426948      0.4925250      0.8700638
     26.3061638       0.6703932881355286      0.5283278      0.8124588      0.6450084      0.4901540      0.8760879
     26.6107750       0.6705456972122192      0.5270525      0.8140389      0.6472607      0.4867050      0.8826605
     26.9189129       0.6706151366233826      0.5257242      0.8155061      0.6494023      0.4821835      0.8891927
     27.2306213       0.6705961227416992      0.5243372      0.8168551      0.6514305      0.4774164      0.8956609
     27.5459385       0.6704890727996826      0.5228967      0.8180814      0.6533442      0.4726050      0.9021003
     27.8649063       0.6702892780303955      0.5213985      0.8191800      0.6551409      0.4677476      0.9084945
     28.1875687       0.6699960827827454      0.5198461      0.8201460      0.6568186      0.4628530      0.9148695
     28.5139637       0.6696056127548218      0.5182366      0.8209746      0.6583758      0.4579216      0.9212158
     28.8441410       0.6691166162490845      0.5165723      0.8216609      0.6598116      0.4529604      0.9275535
     29.1781387       0.6685261130332947      0.5148519      0.8222003      0.6611229      0.4479720      0.9338821
     29.5160065       0.6678321361541748      0.5130765      0.8225878      0.6623091      0.4429616      0.9402139
     29.8577843       0.6670323610305786      0.5112458      0.8228189      0.6633680      0.4379328      0.9465536
     30.2035217       0.6661241054534912      0.5093594      0.8228888      0.6642991      0.4328893      0.9529057
     30.5532608       0.6651052832603455      0.5074177      0.8227929      0.6651005      0.4278350      0.9592767
     30.9070511       0.6639726161956787      0.5054185      0.8225267      0.6657709      0.4227711      0.9656610
     31.2649364       0.6627240180969238      0.5033622      0.8220857      0.6663143      0.4177020      0.9720657
     31.6269684       0.6613558530807495      0.5012462      0.8214656      0.6667582      0.4134360      0.9784790
     31.9931908       0.6598283648490906      0.4989947      0.8206620      0.6671293      0.4104095      0.9849088
     32.3636551       0.6578834652900696      0.4960960      0.8196709      0.6674551      0.4086483      0.9913399
     32.7384071       0.6555231809616089      0.4925583      0.8184881      0.6677629      0.4085577      0.9977745
     33.1175003       0.6527488827705383      0.4883879      0.8171099      0.6680754      0.4108933      1.0041953
     33.5009842       0.6495632529258728      0.4835941      0.8155324      0.6683911      0.4148825      1.0106007
     33.8889046       0.6460064649581909      0.4782609      0.8137521      0.6687099      0.4201227      1.0169709
     34.2813187       0.6423361897468567      0.4729069      0.8117655      0.6690298      0.4266172      1.0233035
     34.6782799       0.6389495134353638      0.4683296      0.8095695      0.6693660      0.4339882      1.0295830
     35.0798340       0.6366556882858276      0.4661504      0.8071609      0.6697632      0.4412707      1.0357987
     35.4860382       0.6351279616355896      0.4657188      0.8045371      0.6702236      0.4460436      1.0419375
     35.8969498       0.6337257623672485      0.4657562      0.8016953      0.6707257      0.4482683      1.0479852
     36.3126183       0.6324417591094971      0.4662502      0.7986332      0.6712480      0.4479155      1.0539283
     36.7330971       0.6308841705322266      0.4663913      0.7953770      0.6717514      0.4449509      1.0597492
     37.1584511       0.6283217072486877      0.4645465      0.7920969      0.6721110      0.4405819      1.0654414
     37.5887260       0.6250749826431274      0.4613531      0.7887968      0.6722506      0.4378058      1.0709858
     38.0239830       0.6217792034149170      0.4580775      0.7854809      0.6721528      0.4366452      1.0763777
     38.4642792       0.6184350848197937      0.4547172      0.7821529      0.6718035      0.4371001      1.0815903
     38.9096756       0.6150309443473816      0.4512733      0.7787886      0.6711886      0.4391918      1.0866209
     39.3602257       0.6116244196891785      0.4480290      0.7752199      0.6703332      0.4419185      1.0914427
     39.8159981       0.6088323593139648      0.4462196      0.7714452      0.6692110      0.4446793      1.0960536
     40.2770424       0.6066661477088928      0.4458692      0.7674631      0.6677635      0.4473354      1.1004249
     40.7434273       0.6049610972404480      0.4466496      0.7632726      0.6659772      0.4498427      1.1045622
     41.2152138       0.6029291749000549      0.4469856      0.7588728      0.6638405      0.4521792      1.1084353
     41.6924629       0.6004359722137451      0.4466087      0.7542632      0.6613588      0.4543516      1.1120492
     42.1752396       0.5968627333641052      0.4442820      0.7494435      0.6585920      0.4563386      1.1153748
     42.6636047       0.5933607816696167      0.4399974      0.7467242      0.6556140      0.4582270      1.1184182
     43.1576271       0.5903629660606384      0.4340856      0.7466403      0.6524507      0.4593243      1.1211524
     43.6573677       0.5886790752410889      0.4281389      0.7492192      0.6491272      0.4595614      1.1235855
     44.1628952       0.5883083343505859      0.4221422      0.7544745      0.6456706      0.4589267      1.1256895
     44.6742783       0.5892713069915771      0.4161168      0.7624257      0.6420998      0.4574317      1.1283258
     45.1915817       0.5904102325439453      0.4100507      0.7707697      0.6384178      0.4551077      1.1323872
     45.7148743       0.5914731025695801      0.4039626      0.7789837      0.6346280      0.4526940      1.1378862
     46.2442284       0.5924403667449951      0.3978406      0.7870402      0.6307353      0.4502646      1.1448058
     46.7797089       0.5933173298835754      0.3917044      0.7949303      0.6267433      0.4478310      1.1531552
     47.3213921       0.5940865278244019      0.3855446      0.8026285      0.6226554      0.4453919      1.1620611
     47.8693504       0.5947511196136475      0.3793778      0.8101245      0.6184751      0.4429574      1.1706079
     48.4236526       0.5952937006950378      0.3731947      0.8173928      0.6142063      0.4405259      1.1762077
     48.9843750       0.5957657098770142      0.3671076      0.8244238      0.6098524      0.4381074      1.1781955
     49.5515900       0.5953383445739746      0.3612192      0.8294575      0.6054176      0.4357004      1.1765624
     50.1253738       0.5936772823333740      0.3555272      0.8318273      0.6009055      0.4333142      1.1713245
     50.7057953       0.5907731652259827      0.3500171      0.8315292      0.5963200      0.4309483      1.1624845
     51.2929420       0.5866315960884094      0.3446873      0.8285759      0.5916650      0.4286113      1.1526268
     51.8868866       0.5811994671821594      0.3394275      0.8229715      0.5869442      0.4263027      1.1424205
     52.4877052       0.5752981901168823      0.3341247      0.8164717      0.5821617      0.4240306      1.1318830
     53.0954857       0.5692625045776367      0.3287808      0.8097442      0.5773214      0.4217308      1.1210130
     53.7103004       0.5630531311035156      0.3233090      0.8027972      0.5724273      0.4182981      1.1098273
     54.3322372       0.5572968125343323      0.3177105      0.7968832      0.5674833      0.4137169      1.0983263
     54.9613724       0.5514633059501648      0.3119891      0.7909375      0.5624766      0.4079840      1.0865276
     55.5977936       0.5450819730758667      0.3061473      0.7840167      0.5573643      0.4010844      1.0744320
     56.2415848       0.5382003784179688      0.3001893      0.7762114      0.5521461      0.3930786      1.0620575
     56.8928337       0.5312045216560364      0.2942094      0.7681996      0.5468441      0.3850662      1.0494078
     57.5516205       0.5234742760658264      0.2882133      0.7587352      0.5414809      0.3770603      1.0365007
     58.2180367       0.5155487060546875      0.2822049      0.7488925      0.5360960      0.3690594      1.0233412
     58.8921661       0.5079061985015869      0.2761893      0.7396231      0.5307509      0.3610767      1.0099483
     59.5741081       0.5005092024803162      0.2701705      0.7308479      0.5254530      0.3531118      0.9963285
     60.2639427       0.4930261969566345      0.2641534      0.7218990      0.5201514      0.3451758      0.9825001
     60.9617653       0.4854608774185181      0.2581422      0.7127796      0.5147909      0.3372679      0.9684700
     61.6676674       0.4778208732604980      0.2521417      0.7035000      0.5093172      0.3293988      0.9542570
     62.3817444       0.4701105356216431      0.2461562      0.6940649      0.5036999      0.3215685      0.9398690
     63.1040916       0.4623375236988068      0.2401905      0.6844845      0.4979656      0.3137865      0.9253246
     63.8348045       0.4545065462589264      0.2342487      0.6747644      0.4921768      0.3060533      0.9106328
     64.5739822       0.4466123878955841      0.2283091      0.6649157      0.4863990      0.2983784      0.8958126
     65.3217163       0.4386582374572754      0.2223713      0.6549451      0.4806976      0.2907634      0.8808748
     66.0781097       0.4306523203849792      0.2164407      0.6448639      0.4751210      0.2832168      0.8658380
     66.8432617       0.4226229786872864      0.2105672      0.6346787      0.4696638      0.2757391      0.8507121
     67.6172638       0.4149046838283539      0.2048653      0.6249441      0.4643045      0.2683383      0.8355158
     68.4002380       0.4075873196125031      0.1993666      0.6158081      0.4590212      0.2610153      0.8202596
     69.1922760       0.4006738066673279      0.1940825      0.6072651      0.4537916      0.2537767      0.8049608
     69.9934845       0.3941601812839508      0.1890165      0.5993038      0.4485929      0.2466232      0.7896302
     70.8039627       0.3880232274532318      0.1841283      0.5919181      0.4434108      0.2395621      0.7742859
     71.6238327       0.3819320797920227      0.1793111      0.5845531      0.4382467      0.2325944      0.7589390
     72.4532013       0.3758140206336975      0.1745678      0.5770602      0.4331020      0.2257264      0.7436067
     73.2921677       0.3696701526641846      0.1698975      0.5694429      0.4279779      0.2189585      0.7282994
     74.1408539       0.3635068535804749      0.1653027      0.5617110      0.4228755      0.2122964      0.7130335
     74.9993591       0.3573260009288788      0.1607829      0.5538691      0.4177957      0.2057409      0.6978198
     75.8678131       0.3511333763599396      0.1563400      0.5459268      0.4127396      0.1992965      0.6826735
     76.7463150       0.3449315130710602      0.1519735      0.5378895      0.4077078      0.1929643      0.6676052
     77.6349945       0.3387265801429749      0.1476858      0.5297674      0.4027011      0.1867488      0.6526297
     78.5339661       0.3325203955173492      0.1434755      0.5215653      0.3977200      0.1806500      0.6377563
     79.4433441       0.3263186812400818      0.1393443      0.5132931      0.3927650      0.1746714      0.6229985
     80.3632584       0.3201239705085754      0.1352915      0.5049564      0.3878364      0.1687586      0.6083654
     81.2938156       0.3139630556106567      0.1313182      0.4966079      0.3829347      0.1628981      0.5938690
     82.2351532       0.3078600466251373      0.1274234      0.4882967      0.3780600      0.1570929      0.5795174
     83.1873932       0.3018182814121246      0.1236086      0.4800279      0.3732125      0.1513487      0.5655058
     84.1506577       0.2958379685878754      0.1198729      0.4718031      0.3683749      0.1456684      0.5518662
     85.1250763       0.2899216711521149      0.1162170      0.4636264      0.3635290      0.1401114      0.5385941
     86.1107864       0.2840480506420135      0.1126399      0.4554562      0.3586575      0.1349211      0.5256820
     87.1079025       0.2781979441642761      0.1091422      0.4472536      0.3537437      0.1303304      0.5131248
     88.1165695       0.2723742425441742      0.1057230      0.4390255      0.3487717      0.1263155      0.5007316
     89.1369171       0.2665815353393555      0.1023826      0.4307805      0.3437435      0.1228550      0.4884722
     90.1690750       0.2608226835727692      0.0991199      0.4225255      0.3386626      0.1199255      0.4766151
     91.2131805       0.2551020681858063      0.0959353      0.4142689      0.3335325      0.1172807      0.4655952
     92.2693787       0.2494224160909653      0.0928276      0.4060173      0.3283566      0.1146662      0.4553845
     93.3378067       0.2437878251075745      0.0897969      0.3977787      0.3231382      0.1120834      0.4459537
     94.4186020       0.2382008284330368      0.0868420      0.3895597      0.3178805      0.1095319      0.4372702
     95.5119171       0.2326651215553284      0.0839628      0.3813674      0.3125869      0.1070128      0.4290415
     96.6178970       0.2271898239850998      0.0811580      0.3732216      0.3072606      0.1045258      0.4208087
     97.7366791       0.2217784374952316      0.0783812      0.3651757      0.3019047      0.1020718      0.4125754
     98.8684158       0.2163501530885696      0.0754650      0.3572353      0.2965223      0.0996505      0.4043466
    100.0132599       0.2109153121709824      0.0724228      0.3494078      0.2911164      0.0972630      0.3961305
    101.1713638       0.2055217921733856      0.0693459      0.3416977      0.2856901      0.0949087      0.3879334
    102.3428726       0.2002492249011993      0.0664009      0.3340975      0.2802463      0.0925886      0.3797629
    103.5279541       0.1950288414955139      0.0634933      0.3265644      0.2747880      0.0903024      0.3716250
    104.7267456       0.1899349540472031      0.0607668      0.3191031      0.2693180      0.0880508      0.3635268
    105.9394226       0.1849651336669922      0.0582144      0.3117158      0.2638392      0.0858334      0.3554737
    107.1661377       0.1800788938999176      0.0557507      0.3044071      0.2583542      0.0836511      0.3474723
    108.4070663       0.1751966327428818      0.0532148      0.2971785      0.2528660      0.0815033      0.3395783
    109.6623611       0.1703932583332062      0.0507523      0.2900342      0.2473771      0.0793699      0.3318064
    110.9321899       0.1656832695007324      0.0483908      0.2829758      0.2418902      0.0771758      0.3241598
    112.2167206       0.1610671877861023      0.0461275      0.2760068      0.2364079      0.0749288      0.3166430
    113.5161285       0.1565442234277725      0.0439598      0.2691287      0.2309328      0.0726357      0.3092586
    114.8305817       0.1521147191524506      0.0418850      0.2623444      0.2254674      0.0703039      0.3019593
    116.1602554       0.1477778404951096      0.0399003      0.2556554      0.2200140      0.0679602      0.2947387
    117.5053253       0.1435335576534271      0.0380030      0.2490641      0.2145751      0.0656863      0.2876007
    118.8659744       0.1393808722496033      0.0361902      0.2425715      0.2091531      0.0634804      0.2805476
    120.2423706       0.1353140026330948      0.0344479      0.2361801      0.2037502      0.0613413      0.2735832
    121.6347198       0.1313266158103943      0.0327630      0.2298902      0.1983687      0.0592672      0.2667093
    123.0431747       0.1274193972349167      0.0311349      0.2237039      0.1930108      0.0572569      0.2599290
    124.4679565       0.1235920488834381      0.0295625      0.2176216      0.1876787      0.0553085      0.2532441
    125.9092178       0.1198450177907944      0.0280452      0.2116448      0.1823746      0.0534209      0.2466571
    127.3671799       0.1161834970116615      0.0265932      0.2057738      0.1771004      0.0515921      0.2401696
    128.8420105       0.1126128435134888      0.0252158      0.2000099      0.1718582      0.0498210      0.2337836
    130.3339386       0.1091315150260925      0.0239098      0.1943532      0.1666500      0.0481059      0.2275006
    131.8431396       0.1057384908199310      0.0226721      0.1888049      0.1614776      0.0464456      0.2213223
    133.3698120       0.1024325862526894      0.0214996      0.1833656      0.1563604      0.0448386      0.2152503
    134.9141693       0.0992233529686928      0.0203879      0.1780588      0.1513182      0.0432837      0.2092859
    136.4764099       0.0961128100752831      0.0193309      0.1728947      0.1463702      0.0417796      0.2034303
    138.0567474       0.0930987894535065      0.0183262      0.1678714      0.1415347      0.0403250      0.1976843
    139.6553497       0.0901789814233780      0.0173715      0.1629864      0.1368291      0.0389182      0.1920483
    141.2724915       0.0873507931828499      0.0164647      0.1582369      0.1322528      0.0375576      0.1865223
    142.9083405       0.0846010074019432      0.0156050      0.1535970      0.1278035      0.0362417      0.1811062
    144.5631409       0.0819238275289536      0.0147934      0.1490542      0.1234793      0.0349689      0.1757997
    146.2371063       0.0793127715587616      0.0140179      0.1446076      0.1192777      0.0337376      0.1706025
    147.9304504       0.0767638161778450      0.0132706      0.1402570      0.1151967      0.0325467      0.1655146
    149.6434021       0.0742762908339500      0.0125511      0.1360015      0.1112338      0.0313889      0.1605355
    151.3761902       0.0718498826026917      0.0118587      0.1318411      0.1073869      0.0302618      0.1556651
    153.1290436       0.0694838687777519      0.0111928      0.1277749      0.1036535      0.0291649      0.1509029
    154.9021912       0.0671826228499413      0.0105626      0.1238027      0.1000314      0.0280981      0.1462484
    156.6958618       0.0649479702115059      0.0099725      0.1199235      0.0965182      0.0270609      0.1417010
    158.5103302       0.0627784207463264      0.0094200      0.1161368      0.0931117      0.0260587      0.1372600
    160.3457794       0.0606722272932529      0.0089026      0.1124418      0.0898093      0.0250928      0.1329247
    162.2024994       0.0586278848350048      0.0084180      0.1088377      0.0866089      0.0241617      0.1286943
    164.0807037       0.0566437803208828      0.0079641      0.1053235      0.0835080      0.0232641      0.1245677
    165.9806824       0.0547184161841869      0.0075386      0.1018982      0.0805044      0.0223988      0.1205439
    167.9026337       0.0528502613306046      0.0071398      0.0985607      0.0775957      0.0215645      0.1166218
    169.8468628       0.0510379113256931      0.0067658      0.0953101      0.0747796      0.0207602      0.1128002
    171.8135834       0.0492798946797848      0.0064148      0.0921450      0.0720539      0.0199846      0.1090779
    173.8031006       0.0475748963654041      0.0060853      0.0890645      0.0694163      0.0192368      0.1054537
    175.8156586       0.0459214709699154      0.0057759      0.0860671      0.0668645      0.0185158      0.1019261
    177.8515167       0.0443183965981007      0.0054850      0.0831518      0.0643964      0.0178204      0.0984938
    179.9109497       0.0427643023431301      0.0052115      0.0803171      0.0620097      0.0171499      0.0951554
    181.9942169       0.0412579812109470      0.0049540      0.0775620      0.0597023      0.0165033      0.0919094
    184.1016235       0.0397981144487858      0.0047115      0.0748847      0.0574720      0.0158796      0.0887543
    186.2334137       0.0383836254477501      0.0044830      0.0722843      0.0553167      0.0152782      0.0856885
    188.3898926       0.0370132438838482      0.0042674      0.0697591      0.0532344      0.0146983      0.0827106
    190.5713348       0.0356858894228935      0.0040639      0.0673079      0.0512230      0.0141390      0.0798190
    192.7780609       0.0344004109501839      0.0038717      0.0649291      0.0492805      0.0135996      0.0770119
    195.0103149       0.0331557579338551      0.0036900      0.0626215      0.0474050      0.0130796      0.0742880
    197.2684326       0.0319507792592049      0.0035181      0.0603834      0.0455944      0.0125780      0.0716453
    199.5526733       0.0307844728231430      0.0033553      0.0582136      0.0438470      0.0120945      0.0690826
    201.8634033       0.0296557918190956      0.0032010      0.0561106      0.0421607      0.0116282      0.0665978
    204.2008514       0.0285637732595205      0.0030547      0.0540728      0.0405339      0.0111787      0.0641895
    206.5653992       0.0275073982775211      0.0029159      0.0520989      0.0389647      0.0107454      0.0618560
    208.9572906       0.0264857709407806      0.0027840      0.0501875      0.0374513      0.0103277      0.0595956
    211.3769226       0.0254979077726603      0.0026588      0.0483370      0.0359920      0.0099251      0.0574066
    213.8245392       0.0245428998023272      0.0025397      0.0465461      0.0345852      0.0095372      0.0552875
    216.3005066       0.0236198008060455      0.0024263      0.0448133      0.0332292      0.0091633      0.0532365
    218.8051453       0.0227277874946594      0.0023184      0.0431372      0.0319224      0.0088030      0.0512521
    221.3387909       0.0218659378588200      0.0022156      0.0415163      0.0306632      0.0084559      0.0493326
    223.9017639       0.0210334677249193      0.0021176      0.0399493      0.0294502      0.0081216      0.0474763
    226.4944305       0.0202294867485762      0.0020242      0.0384347      0.0282818      0.0077995      0.0456817
    229.1171112       0.0194532405585051      0.0019352      0.0369713      0.0271565      0.0074893      0.0439472
    231.7701721       0.0187038891017437      0.0018502      0.0355576      0.0260730      0.0071907      0.0422712
    234.4539490       0.0179806612432003      0.0017691      0.0341923      0.0250299      0.0069031      0.0406521
    237.1688080       0.0172827821224928      0.0016916      0.0328740      0.0240257      0.0066263      0.0390885
    239.9151001       0.0166095364838839      0.0016176      0.0316015      0.0230593      0.0063599      0.0375787
    242.6931915       0.0159601792693138      0.0015469      0.0303735      0.0221294      0.0061035      0.0361213
    245.5034637       0.0153339756652713      0.0014793      0.0291886      0.0212346      0.0058567      0.0347148
    248.3462372       0.0147302737459540      0.0014148      0.0280458      0.0203738      0.0056194      0.0333578
    251.2219696       0.0141483452171087      0.0013530      0.0269437      0.0195459      0.0053911      0.0320488
    254.1309662       0.0135875279083848      0.0012940      0.0258810      0.0187496      0.0051714      0.0307864
    257.0736694       0.0130471335723996      0.0012376      0.0248567      0.0179840      0.0049603      0.0295693
    260.0504456       0.0125265605747700      0.0011836      0.0238695      0.0172479      0.0047573      0.0283960
    263.0616760       0.0120251346379519      0.0011319      0.0229183      0.0165402      0.0045620      0.0272653
    266.1077881       0.0115422634407878      0.0010825      0.0220020      0.0158600      0.0043744      0.0261758
    269.1891785       0.0110773453488946      0.0010352      0.0211195      0.0152063      0.0041941      0.0251263
    272.3062134       0.0106298197060823      0.0009900      0.0202696      0.0145782      0.0040208      0.0241154
    275.4593811       0.0101991072297096      0.0009468      0.0194514      0.0139747      0.0038542      0.0231420
    278.6490173       0.0097846407443285      0.0009054      0.0186639      0.0133949      0.0036943      0.0222049
    281.8756409       0.0093858912587166      0.0008658      0.0179060      0.0128379      0.0035406      0.0213028
    285.1395874       0.0090023111552000      0.0008280      0.0171767      0.0123031      0.0033930      0.0204348
    288.4413757       0.0086333984509110      0.0007917      0.0164751      0.0117894      0.0032513      0.0195995
    291.7813416       0.0082786530256271      0.0007570      0.0158003      0.0112962      0.0031152      0.0187961
    295.1600342       0.0079376008361578      0.0007238      0.0151514      0.0108227      0.0029846      0.0180233
    298.5777893       0.0076097501441836      0.0006921      0.0145274      0.0103681      0.0028592      0.0172801
    302.0351868       0.0072946809232235      0.0006617      0.0139276      0.0099318      0.0027388      0.0165656
    305.5325623       0.0069918856024742      0.0006327      0.0133511      0.0095130      0.0026234      0.0158788
    309.0704651       0.0067009571939707      0.0006049      0.0127971      0.0091112      0.0025126      0.0152186
    312.6493530       0.0064214877784252      0.0005783      0.0122647      0.0087256      0.0024062      0.0145843
    316.2696838       0.0061530717648566      0.0005528      0.0117533      0.0083557      0.0023042      0.0139748
    319.9319153       0.0058952826075256      0.0005285      0.0112621      0.0080008      0.0022064      0.0133893
    323.6365662       0.0056477664038539      0.0005052      0.0107903      0.0076604      0.0021126      0.0128270
    327.3841248       0.0054101226851344      0.0004830      0.0103373      0.0073339      0.0020226      0.0122870
    331.1750488       0.0051819970831275      0.0004617      0.0099023      0.0070207      0.0019364      0.0117685
    335.0098877       0.0049635786563158      0.0004413      0.0094859      0.0067205      0.0018536      0.0112706
    338.8890991       0.0047547058202326      0.0004218      0.0090876      0.0064326      0.0017744      0.0107928
    342.8132629       0.0045549902133644      0.0004031      0.0087068      0.0061566      0.0016984      0.0103342
    346.7828064       0.0043640322983265      0.0003853      0.0083427      0.0058920      0.0016255      0.0098941
    350.7984009       0.0041814693249762      0.0003683      0.0079946      0.0056383      0.0015557      0.0094719
    354.8604126       0.0040063979104161      0.0003520      0.0076608      0.0053953      0.0014888      0.0090668
    358.9695129       0.0038383067585528      0.0003364      0.0073402      0.0051623      0.0014247      0.0086783
    363.1261902       0.0036769313737750      0.0003215      0.0070323      0.0049390      0.0013632      0.0083057
    367.3309937       0.0035220696590841      0.0003073      0.0067368      0.0047251      0.0013044      0.0079484
    371.5844727       0.0033734340686351      0.0002937      0.0064532      0.0045202      0.0012480      0.0076058
    375.8872375       0.0032308038789779      0.0002806      0.0061810      0.0043238      0.0011940      0.0072773
    380.2397766       0.0030939904972911      0.0002682      0.0059198      0.0041358      0.0011423      0.0069625
    384.6427612       0.0029627499170601      0.0002564      0.0056691      0.0039556      0.0010927      0.0066607
    389.0966797       0.0028368381317705      0.0002450      0.0054287      0.0037831      0.0010453      0.0063715
    393.6022339       0.0027160921599716      0.0002341      0.0051981      0.0036178      0.0009999      0.0060943
    398.1599121       0.0026002994272858      0.0002237      0.0049769      0.0034596      0.0009565      0.0058288
    402.7703857       0.0024892601650208      0.0002137      0.0047648      0.0033081      0.0009148      0.0055745
    407.4342346       0.0023828060366213      0.0002042      0.0045614      0.0031630      0.0008750      0.0053308
    412.1520996       0.0022807558998466      0.0001951      0.0043664      0.0030241      0.0008368      0.0050974
    416.9246216       0.0021829353645444      0.0001865      0.0041794      0.0028911      0.0008003      0.0048739
    421.7524109       0.0020891898311675      0.0001782      0.0040002      0.0027639      0.0007653      0.0046599
    426.6360779       0.0019993267487735      0.0001703      0.0038284      0.0026421      0.0007319      0.0044550
    431.5763245       0.0019132219022140      0.0001627      0.0036637      0.0025255      0.0006998      0.0042588
    436.5737610       0.0018307146383449      0.0001555      0.0035060      0.0024139      0.0006692      0.0040709
    441.6289978       0.0017516568768770      0.0001485      0.0033548      0.0023071      0.0006398      0.0038911
    446.7428589       0.0016759063582867      0.0001419      0.0032100      0.0022049      0.0006118      0.0037190
    451.9158630       0.0016033647116274      0.0001355      0.0030712      0.0021072      0.0005849      0.0035543
    457.1488342       0.0015338659286499      0.0001295      0.0029383      0.0020137      0.0005592      0.0033967
    462.4423218       0.0014672931283712      0.0001237      0.0028109      0.0019242      0.0005346      0.0032458
    467.7971802       0.0014035484055057      0.0001182      0.0026889      0.0018386      0.0005111      0.0031015
    473.2139893       0.0013425225624815      0.0001129      0.0025721      0.0017567      0.0004886      0.0029635
    478.6935425       0.0012840806739405      0.0001079      0.0024603      0.0016784      0.0004671      0.0028314
    484.2365417       0.0012281192466617      0.0001031      0.0023532      0.0016035      0.0004465      0.0027051
    489.8437500       0.0011745603987947      0.0000985      0.0022507      0.0015319      0.0004268      0.0025843
    495.5158386       0.0011232693213969      0.0000941      0.0021525      0.0014634      0.0004079      0.0024687
    501.2536621       0.0010741865262389      0.0000899      0.0020585      0.0013979      0.0003899      0.0023582
    507.0578918       0.0010271902428940      0.0000859      0.0019685      0.0013352      0.0003727      0.0022525
    512.9293823       0.0009822156280279      0.0000820      0.0018824      0.0012753      0.0003563      0.0021515
    518.8687744       0.0009391664643772      0.0000784      0.0018000      0.0012181      0.0003406      0.0020549
    524.8770142       0.0008979835547507      0.0000749      0.0017211      0.0011633      0.0003255      0.0019625
    530.9547729       0.0008585395407863      0.0000715      0.0016456      0.0011110      0.0003111      0.0018742
    537.1029663       0.0008208192884922      0.0000683      0.0015733      0.0010610      0.0002973      0.0017898
    543.3222656       0.0007847212255001      0.0000652      0.0015042      0.0010132      0.0002841      0.0017091
    549.6136475       0.0007501915097237      0.0000623      0.0014381      0.0009675      0.0002716      0.0016320
    555.9779053       0.0007171545294113      0.0000595      0.0013748      0.0009238      0.0002595      0.0015583
    562.4158936       0.0006855639512651      0.0000569      0.0013143      0.0008821      0.0002480      0.0014879
    568.9283447       0.0006553182029165      0.0000543      0.0012563      0.0008422      0.0002370      0.0014205
    575.5162354       0.0006264021503739      0.0000519      0.0012009      0.0008041      0.0002265      0.0013562
    582.1804810       0.0005987457698211      0.0000496      0.0011479      0.0007677      0.0002164      0.0012948
    588.9217529       0.0005722843343392      0.0000474      0.0010972      0.0007329      0.0002068      0.0012360
    595.7411499       0.0005469733732753      0.0000452      0.0010487      0.0006996      0.0001975      0.0011799
    602.6394653       0.0005227795918472      0.0000432      0.0010024      0.0006678      0.0001888      0.0011263
    609.6177368       0.0004996382049285      0.0000413      0.0009580      0.0006375      0.0001804      0.0010751
    616.6767578       0.0004774865810759      0.0000394      0.0009155      0.0006085      0.0001724      0.0010262
    623.8175659       0.0004563225666061      0.0000377      0.0008750      0.0005808      0.0001647      0.0009795
    631.0409546       0.0004360759630799      0.0000360      0.0008362      0.0005544      0.0001574      0.0009349
    638.3480835       0.0004167209553998      0.0000344      0.0007991      0.0005291      0.0001504      0.0008923
    645.7398071       0.0003982186317444      0.0000328      0.0007636      0.0005050      0.0001437      0.0008516
    653.2171631       0.0003805301385000      0.0000313      0.0007297      0.0004819      0.0001373      0.0008127
    660.7810059       0.0003636112087406      0.0000299      0.0006973      0.0004599      0.0001312      0.0007756
    668.4324951       0.0003474597469904      0.0000286      0.0006663      0.0004389      0.0001253      0.0007401
    676.1725464       0.0003320001414977      0.0000273      0.0006367      0.0004188      0.0001197      0.0007063
    684.0022583       0.0003172064607497      0.0000261      0.0006084      0.0003996      0.0001144      0.0006739
    691.9226074       0.0003030841180589      0.0000249      0.0005813      0.0003813      0.0001093      0.0006431
    699.9346924       0.0002895814250223      0.0000238      0.0005554      0.0003638      0.0001044      0.0006136
    708.0395508       0.0002766669203993      0.0000227      0.0005306      0.0003472      0.0000997      0.0005855
    716.2382812       0.0002643460757099      0.0000217      0.0005070      0.0003312      0.0000953      0.0005586
    724.5318604       0.0002525746240281      0.0000208      0.0004844      0.0003160      0.0000910      0.0005330
    732.9216309       0.0002413137117401      0.0000198      0.0004628      0.0003015      0.0000870      0.0005085
    741.4084473       0.0002305503876414      0.0000190      0.0004421      0.0002876      0.0000831      0.0004852
    749.9935913       0.0002202587347711      0.0000181      0.0004224      0.0002744      0.0000794      0.0004629
    758.6781616       0.0002104258019244      0.0000173      0.0004035      0.0002618      0.0000758      0.0004416
    767.4632568       0.0002010256866924      0.0000165      0.0003855      0.0002497      0.0000725      0.0004213
    776.3500977       0.0001920325012179      0.0000158      0.0003683      0.0002382      0.0000692      0.0004019
    785.3397827       0.0001834591821535      0.0000151      0.0003518      0.0002272      0.0000661      0.0003834
    794.4335938       0.0001752485113684      0.0000144      0.0003361      0.0002167      0.0000632      0.0003657
    803.6326904       0.0001673929509707      0.0000137      0.0003210      0.0002068      0.0000604      0.0003489
    812.9383545       0.0001598925009603      0.0000131      0.0003067      0.0001973      0.0000576      0.0003328
    822.3516235       0.0001527342101326      0.0000125      0.0002929      0.0001882      0.0000551      0.0003174
    831.8740845       0.0001458738115616      0.0000119      0.0002798      0.0001796      0.0000526      0.0003028
    841.5066528       0.0001393480488332      0.0000114      0.0002673      0.0001714      0.0000502      0.0002888
    851.2509155       0.0001331072126050      0.0000109      0.0002553      0.0001635      0.0000480      0.0002755
    861.1078491       0.0001271437795367      0.0000104      0.0002439      0.0001560      0.0000458      0.0002628
    871.0790405       0.0001214393705595      0.0000100      0.0002329      0.0001489      0.0000437      0.0002506
    881.1656494       0.0001159994208138      0.0000095      0.0002225      0.0001421      0.0000418      0.0002390
    891.3690796       0.0001107926000259      0.0000091      0.0002125      0.0001355      0.0000399      0.0002280
    901.6906128       0.0001058243287844      0.0000087      0.0002030      0.0001293      0.0000381      0.0002174
    912.1317139       0.0001010762352962      0.0000083      0.0001939      0.0001234      0.0000364      0.0002073
    922.6936035       0.0000965537401498      0.0000079      0.0001852      0.0001178      0.0000348      0.0001978
    933.3779297       0.0000922125691432      0.0000075      0.0001769      0.0001124      0.0000332      0.0001886
    944.1859131       0.0000880710867932      0.0000072      0.0001689      0.0001072      0.0000318      0.0001799
    955.1190796       0.0000841109285830      0.0000069      0.0001614      0.0001023      0.0000304      0.0001716
    966.1788330       0.0000803375078249      0.0000066      0.0001541      0.0000976      0.0000290      0.0001636
    977.3666992       0.0000767195087974      0.0000063      0.0001472      0.0000932      0.0000277      0.0001560
    986.3681641       0.0000739024035283      0.0000061      0.0001417      0.0000889      0.0000267      0.0001501
    995.4739380       0.0000712148030289      0.0000058      0.0001366      0.0000849      0.0000257      0.0001444
   1004.6851196       0.0000686308267177      0.0000056      0.0001316      0.0000810      0.0000248      0.0001390
   1014.0030518       0.0000661634039716      0.0000054      0.0001269      0.0000773      0.0000240      0.0001339
   1023.4287109       0.0000638179699308      0.0000052      0.0001224      0.0000738      0.0000231      0.0001290
   1035.2795410       0.0000609620001342      0.0000050      0.0001169      0.0000704      0.0000221      0.0001230
   1047.2674561       0.0000582225984544      0.0000048      0.0001117      0.0000672      0.0000211      0.0001173
   1059.3942871       0.0000556181330467      0.0000046      0.0001066      0.0000641      0.0000201      0.0001118
   1071.6613770       0.0000531302321178      0.0000044      0.0001019      0.0000612      0.0000192      0.0001066
   1084.0706787       0.0000507459444634      0.0000042      0.0000973      0.0000584      0.0000183      0.0001017
   1096.6235352       0.0000484652700834      0.0000040      0.0000929      0.0000558      0.0000175      0.0000970
   1109.3218994       0.0000462752541353      0.0000039      0.0000887      0.0000533      0.0000167      0.0000925
   1122.1672363       0.0000441888514615      0.0000037      0.0000847      0.0000509      0.0000160      0.0000882
   1135.1612549       0.0000421801560151      0.0000035      0.0000809      0.0000486      0.0000153      0.0000841
   1148.3057861       0.0000402750774811      0.0000033      0.0000772      0.0000464      0.0000146      0.0000802
   1161.6025391       0.0000384531267628      0.0000032      0.0000737      0.0000443      0.0000139      0.0000764
   1175.0532227       0.0000367218381143      0.0000030      0.0000704      0.0000423      0.0000133      0.0000729
   1188.6597900       0.0000350682530552      0.0000029      0.0000673      0.0000404      0.0000127      0.0000695
   1202.4237061       0.0000334978067258      0.0000028      0.0000642      0.0000386      0.0000121      0.0000663
   1216.3471680       0.0000319921127812      0.0000026      0.0000613      0.0000368      0.0000115      0.0000632
   1230.4317627       0.0000305457579088      0.0000025      0.0000586      0.0000352      0.0000110      0.0000602
   1244.6795654       0.0000291695814667      0.0000024      0.0000560      0.0000336      0.0000105      0.0000574
   1259.0921631       0.0000278452116618      0.0000023      0.0000534      0.0000321      0.0000100      0.0000548
   1273.6717529       0.0000265855996986      0.0000022      0.0000510      0.0000306      0.0000096      0.0000522
   1288.4201660       0.0000253777943726      0.0000021      0.0000487      0.0000292      0.0000092      0.0000498
   1303.3393555       0.0000242401656578      0.0000020      0.0000465      0.0000000      0.0000088      0.0000475
   1318.4313965       0.0000231359736063      0.0000019      0.0000444      0.0000000      0.0000084      0.0000452
   1333.6982422       0.0000221019581659      0.0000018      0.0000424      0.0000000      0.0000080      0.0000431
   1349.1417236       0.0000211197493627      0.0000017      0.0000405      0.0000000      0.0000076      0.0000411
   1364.7641602       0.0000201763923542      0.0000017      0.0000387      0.0000000      0.0000073      0.0000392
   1380.5673828       0.0000192718944163      0.0000016      0.0000370      0.0000000      0.0000070      0.0000374
   1396.5535889       0.0000184062500921      0.0000015      0.0000353      0.0000000      0.0000067      0.0000357
   1412.7249756       0.0000175794575625      0.0000014      0.0000337      0.0000000      0.0000064      0.0000340
   1429.0833740       0.0000167785710801      0.0000014      0.0000322      0.0000000      0.0000062      0.0000324
   1445.6314697       0.0000160349100042      0.0000013      0.0000307      0.0000000      0.0000059      0.0000309
   1462.3709717       0.0000152987831825      0.0000012      0.0000293      0.0000000      0.0000056      0.0000294
   1479.3045654       0.0000146198799484      0.0000012      0.0000280      0.0000000      0.0000054      0.0000281
   1496.4339600       0.0000139668809425      0.0000012      0.0000268      0.0000000      0.0000051      0.0000268
   1513.7619629       0.0000133214134621      0.0000011      0.0000255      0.0000000      0.0000048      0.0000255
   1531.2904053       0.0000127018483909      0.0000010      0.0000244      0.0000000      0.0000046      0.0000244
   1549.0219727       0.0000121395096357      0.0000010      0.0000233      0.0000000      0.0000044      0.0000232
   1566.9586182       0.0000115901239042      0.0000010      0.0000222      0.0000000      0.0000042      0.0000222
   1584.8933105       0.0000110795917863      0.0000009      0.0000212      0.0000000      0.0000040      0.0000211
   1603.2451172       0.0000105615281427      0.0000009      0.0000202      0.0000000      0.0000038      0.0000201
