Monte Carlo Parameter Chain
Iteration, P, Q, Chi-Square
0 -6.955593 3.696896 1268.670421 
1 -6.487705 3.705531 1291.636576 
2 -6.247590 3.008836 1242.509127 
3 -6.007476 2.312141 1224.306645 
4 -6.121152 2.073942 1141.690469 
5 -6.234827 1.835743 1106.360481 
6 -6.348502 1.597543 1076.015940 
7 -5.830596 1.397303 1151.375555 
8 -5.312690 1.197062 1148.411752 
9 -4.794785 0.996821 1146.978041 
10 -4.276879 0.796581 1138.402023 
11 -4.393730 0.511483 1051.790882 
12 -4.510581 0.226384 1038.041388 
13 -4.627432 0.226384 1034.299397 
14 -4.744283 0.226384 1035.780446 
15 -4.524162 0.226384 1003.932745 
16 -4.304040 0.226384 1014.616874 
17 -4.083919 0.226384 1015.341267 
18 -3.863797 0.226384 1030.781313 
19 -3.833614 0.451009 1143.519140 
20 -3.803431 0.675634 1153.877806 
21 -3.773248 0.900259 1161.124596 
22 -3.962072 0.561397 1132.407397 
23 -4.150896 0.222535 1079.060492 
24 -4.339719 0.222535 1063.612965 
25 -4.528543 0.222535 1068.246873 
26 -4.390064 0.173225 1046.834055 
27 -4.251584 0.123915 1046.996539 
28 -4.113105 0.074606 1049.586487 
29 -3.974625 0.025296 1051.123990 
30 -3.665331 0.169025 1127.757256 
31 -3.356038 0.312753 1124.329018 
32 -3.046744 0.456482 1134.631827 
33 -2.920339 0.268106 1104.519563 
34 -2.793933 0.079730 1078.164115 
35 -2.667528 0.079730 1096.055371 
36 -2.668355 0.352953 1075.093506 
37 -2.669183 0.626177 1105.943029 
38 -2.670010 0.899400 1120.256566 
39 -2.670837 1.172624 1165.015175 
40 -3.045088 1.020262 1178.448070 
41 -3.419338 0.867900 1148.408155 
42 -4.308860 1.161785 1095.591114 
43 -5.198382 1.455670 1087.426818 
44 -6.087904 1.749555 1098.528397 
45 -6.977426 2.043440 1095.528590 
46 -7.612788 2.283811 1104.532002 
47 -8.248150 2.524181 1116.616363 
48 -8.883512 2.764551 1118.866516 
49 -9.518875 3.004922 1132.934275 
50 -9.028226 3.165953 1123.395996 
51 -8.537578 3.326985 1162.198749 
52 -8.046930 3.488017 1165.932200 
53 -7.997010 3.439700 1182.505966 
54 -7.947091 3.391384 1178.894770 
55 -7.897171 3.343067 1172.310693 
56 -8.057613 3.394861 1215.161214 
57 -8.218055 3.446655 1221.977614 
58 -8.378498 3.498449 1215.112879 
59 -8.538940 3.550243 1212.320614 
60 -8.452505 3.404250 1182.327839 
61 -8.366070 3.258257 1176.808730 
62 -8.279635 3.112264 1153.283307 
63 -8.397489 3.233505 1153.992060 
64 -8.515343 3.354746 1153.550399 
65 -8.633197 3.475987 1154.923527 
66 -8.751052 3.597229 1164.273492 
67 -9.232850 3.525962 1101.689307 
68 -9.714647 3.454695 1120.020599 
69 -9.714647 3.383429 1131.738378 
70 -9.856897 3.079281 1057.605963 
71 -9.999147 2.775132 1038.103159 
72 -9.999147 2.470984 1018.829780 
73 -9.999147 2.166836 1001.078406 
74 -9.999147 1.862688 1009.794423 
75 -9.999147 1.475013 990.081926 
76 -9.999147 1.087338 979.567812 
77 -9.999147 0.699663 945.419302 
78 -9.999147 0.311988 915.664007 
79 -9.999147 0.311988 915.664007 
80 -9.889831 0.295433 1009.069542 
81 -9.780515 0.278878 1000.350069 
82 -9.671198 0.262323 1016.185731 
83 -9.561882 0.245768 1025.461533 
84 -9.452566 0.229213 1026.497567 
85 -9.343250 0.212658 1020.578278 
86 -9.233934 0.196102 1021.278586 
87 -9.007590 0.172968 931.291472 
88 -8.781246 0.149834 908.021497 
89 -8.554902 0.126700 912.397916 
90 -8.328558 0.103566 918.806957 
91 -8.102215 0.080431 933.921535 
92 -7.875871 0.057297 938.167030 
93 -8.455033 0.049412 971.627092 
94 -9.034194 0.041526 945.631564 
95 -9.613356 0.033640 940.518346 
96 -9.613356 0.025754 940.475696 
97 -9.613356 0.017869 934.984605 
98 -9.613356 0.009983 933.623919 
99 -9.508074 0.294358 923.737465 
100 -9.402792 0.578733 943.108417 
101 -9.297510 0.863108 953.510068 
102 -9.192228 1.147483 980.674493 
103 -9.086946 1.431858 1006.550042 
104 -8.663293 1.240768 1071.818874 
105 -8.239639 1.049679 1071.932355 
106 -7.815986 0.858589 1065.591978 
107 -7.392332 0.667500 1060.396065 
108 -6.968679 0.476411 1069.523439 
109 -7.428601 0.556173 1002.284741 
110 -7.888524 0.635935 1014.977597 
111 -8.348446 0.715697 1035.449191 
112 -8.808368 0.795459 1026.491688 
113 -9.268291 0.875221 1023.075271 
114 -9.314603 0.700180 992.811688 
115 -9.360916 0.525140 960.568014 
116 -9.407228 0.350099 948.123875 
117 -9.453540 0.175058 934.728160 
118 -9.499853 0.000018 938.162822 
119 -9.546165 0.000018 935.644614 
120 -9.962066 0.014382 925.885680 
121 -9.962066 0.028746 925.368007 
122 -9.962066 0.043110 935.329706 
123 -9.962066 0.057473 940.056419 
124 -9.962066 0.071837 937.527853 
125 -9.962066 0.086201 943.394348 
126 -9.962066 0.100565 946.417245 
127 -9.962066 0.482777 981.775546 
128 -9.962066 0.864989 995.866693 
129 -9.962066 1.247202 1019.497010 
130 -9.962066 1.629414 1063.929256 
131 -9.962066 2.011626 1068.243947 
132 -9.962066 2.393838 1093.766792 
133 -9.962066 1.765435 1044.238244 
134 -9.962066 1.137033 1014.106013 
135 -9.962066 0.508630 974.890375 
136 -9.962066 0.508630 974.890375 
137 -9.962066 0.508630 974.890375 
138 -9.962066 0.718116 965.959725 
139 -9.962066 0.927601 992.468697 
140 -9.962066 1.137087 1001.683588 
141 -9.962066 1.346572 1024.960648 
142 -9.962066 1.556058 1042.970802 
143 -9.962066 1.765543 1072.326067 
144 -9.547575 1.654581 1021.798424 
145 -9.133084 1.543619 1031.764717 
146 -8.718592 1.432657 1014.537525 
147 -8.304101 1.321695 1012.847323 
148 -7.889610 1.210733 1015.285007 
149 -7.825406 0.655075 1036.200539 
150 -7.761202 0.099416 1022.695566 
151 -7.696997 0.099416 1024.713347 
152 -7.632793 0.099416 1020.587016 
153 -7.568588 0.099416 1016.940397 
154 -7.758533 0.026306 1006.505616 
155 -7.948477 0.026306 1000.380430 
156 -8.138421 0.026306 991.120022 
157 -8.328366 0.026306 983.357019 
158 -8.518310 0.026306 990.116201 
159 -9.106698 0.371066 960.661585 
160 -9.695085 0.715827 963.124183 
161 -9.695085 1.060587 994.484054 
162 -9.695085 1.405347 981.811928 
163 -9.695085 1.750108 1005.355431 
164 -9.695085 2.094868 1017.868988 
165 -9.945790 2.050095 1075.557660 
166 -9.945790 2.005323 1072.296965 
167 -9.945790 1.960550 1059.990256 
168 -9.945790 1.915777 1068.064635 
169 -9.945790 1.871005 1057.828183 
170 -9.996161 1.651139 1045.184150 
171 -9.996161 1.431273 1020.834077 
172 -9.996161 1.211407 1010.935485 
173 -9.996161 0.991541 989.373239 
174 -9.996161 0.771675 982.797198 
175 -9.547475 0.935763 984.420193 
176 -9.098789 1.099851 1015.897096 
177 -8.650103 1.263939 1043.500589 
178 -8.201416 1.428027 1060.869609 
179 -7.752730 1.592115 1075.691316 
180 -7.935016 1.563309 1043.999634 
181 -8.117303 1.534503 1038.729405 
182 -8.299589 1.505696 1029.050715 
183 -8.481875 1.476890 1020.280909 
184 -8.028498 1.862746 1062.811025 
185 -7.575121 2.248603 1098.378046 
186 -7.121744 2.634459 1182.683881 
187 -6.668367 3.020315 1174.815774 
188 -6.669314 3.077852 1228.281912 
189 -6.670262 3.135390 1229.579053 
190 -6.671210 3.192927 1228.995579 
191 -6.969456 3.282875 1190.472511 
192 -7.267702 3.372823 1192.006520 
193 -7.565949 3.462771 1170.215814 
194 -7.477353 3.478405 1234.135619 
195 -7.388757 3.494040 1236.624381 
196 -7.300161 3.509674 1243.948114 
197 -7.701959 3.321276 1168.283861 
198 -8.103756 3.132877 1148.081740 
199 -8.505554 2.944479 1129.171519 
200 -8.551077 2.682325 1006.430415 
201 -8.596600 2.420171 976.601966 
202 -8.642124 2.158018 956.905285 
203 -8.687647 1.895864 935.231474 
204 -8.678770 2.087643 1100.914102 
205 -8.669893 2.279423 1115.987720 
206 -8.661015 2.471202 1108.509082 
207 -8.652138 2.662982 1101.830119 
208 -8.654438 2.350516 1121.768620 
209 -8.656739 2.038050 1099.101024 
210 -8.659039 1.725585 1071.257624 
211 -8.661339 1.413119 1066.630719 
212 -8.663639 1.100653 1034.719765 
213 -8.673354 1.313990 991.297835 
214 -8.683069 1.527327 1013.147822 
215 -8.692784 1.740664 1039.135872 
216 -8.702499 1.954001 1069.225096 
217 -8.791820 2.217281 1057.512984 
218 -8.881140 2.480560 1051.437987 
219 -8.970460 2.743839 1063.700862 
220 -9.059780 3.007118 1092.771847 
221 -8.985896 2.748638 1148.027994 
222 -8.912011 2.490157 1119.473061 
223 -8.838127 2.231677 1116.480412 
224 -8.764242 1.973197 1084.936273 
225 -8.690357 1.714716 1061.265515 
226 -8.594316 1.588954 1015.677374 
227 -8.498274 1.463191 1016.609855 
228 -8.402233 1.337428 1007.918431 
229 -8.306191 1.211666 987.190787 
230 -8.338069 1.376748 986.498029 
231 -8.369946 1.541831 1009.611360 
232 -8.401824 1.706913 1018.125920 
233 -8.433702 1.871996 1033.817249 
234 -8.465579 2.037078 1043.564174 
235 -8.592155 2.071297 1058.816801 
236 -8.718730 2.105515 1056.098386 
237 -8.845305 2.139733 1053.248266 
238 -8.971880 2.173952 1044.034282 
239 -8.494571 2.398921 1143.082981 
240 -8.017261 2.623890 1177.415564 
241 -7.539952 2.848860 1206.137978 
242 -7.062642 3.073829 1248.435194 
243 -7.267495 3.261155 1223.186555 
244 -7.472349 3.448481 1224.456317 
245 -7.677202 3.635806 1224.664491 
246 -7.540387 4.230149 1278.798639 
247 -7.403573 4.824491 1378.487816 
248 -7.457460 4.824491 1330.445124 
249 -7.511347 4.824491 1337.414108 
250 -7.565235 4.824491 1335.755132 
251 -8.099300 4.939193 1390.986353 
252 -8.633366 4.939193 1337.787833 
253 -9.167432 4.939193 1340.869240 
254 -9.126576 4.939193 1280.632036 
255 -9.085721 4.939193 1287.341428 
256 -9.044865 4.939193 1292.564962 
257 -9.772028 4.850137 1201.426616 
258 -9.772028 4.761081 1188.757310 
259 -9.772028 4.672025 1177.357764 
260 -9.499275 4.646194 1283.606038 
261 -9.226523 4.620362 1302.489477 
262 -8.953771 4.594530 1302.223019 
263 -8.982057 4.283399 1250.239697 
264 -9.010344 3.972269 1224.778666 
265 -9.038630 3.661138 1178.192160 
266 -9.598616 3.637936 1170.606675 
267 -9.598616 3.614733 1170.038846 
268 -9.598616 3.591531 1170.208049 
269 -9.598616 3.568328 1172.389299 
270 -9.648338 3.622255 1208.164454 
271 -9.698061 3.676181 1208.258951 
272 -9.747784 3.730108 1206.523573 
273 -9.972594 4.016602 1211.416219 
274 -9.972594 4.303097 1229.101855 
275 -9.972594 4.589592 1260.769863 
276 -9.972594 4.876086 1278.360569 
277 -9.972594 4.789859 1253.457729 
278 -9.972594 4.703632 1250.052814 
279 -9.972594 4.617404 1246.539772 
280 -9.421822 4.413995 1245.841408 
281 -8.871051 4.210585 1232.753447 
282 -8.320279 4.007175 1227.036782 
283 -8.296200 3.731714 1245.512197 
284 -8.272121 3.456253 1235.847104 
285 -8.248042 3.180792 1185.452120 
286 -8.268806 3.549217 1189.391106 
287 -8.289571 3.917642 1250.665823 
288 -8.310335 4.286067 1296.361416 
289 -8.331099 4.654492 1330.706959 
290 -8.292287 4.871244 1384.577047 
291 -8.253475 4.871244 1382.119870 
292 -8.543827 4.581507 1322.355222 
293 -8.834180 4.291769 1282.522556 
294 -9.124532 4.002031 1248.103856 
295 -8.868531 3.978502 1216.983383 
296 -8.612529 3.954973 1231.655578 
297 -8.356528 3.931444 1255.380363 
298 -7.896139 3.387411 1170.634783 
299 -7.435751 2.843377 1143.483477 
300 -6.975362 2.299344 1101.429545 
301 -6.514974 1.755310 1078.317063 
302 -6.200521 1.952597 1153.366364 
303 -5.886069 2.149884 1177.737616 
304 -5.571617 2.347171 1181.676246 
305 -5.093247 2.193638 1227.212365 
306 -4.614878 2.040104 1242.428871 
307 -4.136508 1.886571 1251.743624 
308 -4.493530 1.832954 1248.952495 
309 -4.850552 1.779337 1229.629561 
310 -5.207573 1.725721 1197.873812 
311 -5.325549 2.049178 1175.395621 
312 -5.443525 2.372636 1204.705962 
313 -5.561501 2.696094 1220.923926 
314 -5.866449 2.772134 1229.209117 
315 -6.171397 2.848175 1213.674817 
316 -6.476345 2.924215 1210.236820 
317 -6.295156 3.011122 1288.318250 
318 -6.113968 3.098028 1292.492089 
319 -5.932779 3.184934 1315.958164 
320 -6.102992 3.094910 1205.025941 
321 -6.273204 3.004886 1196.033437 
322 -6.443416 2.914862 1187.975712 
323 -6.483289 3.600305 1319.212307 
324 -6.523161 4.285749 1408.010671 
325 -6.563033 4.971193 1464.923382 
326 -6.754647 4.971193 1398.828824 
327 -6.946261 4.971193 1377.245658 
328 -6.922051 4.752621 1390.353122 
329 -6.897840 4.534049 1355.233378 
330 -6.859950 4.951645 1410.393442 
331 -6.822059 4.951645 1405.555464 
332 -6.784169 4.951645 1411.829714 
333 -6.707413 4.768846 1376.411969 
334 -6.630657 4.586047 1358.943351 
335 -6.920756 4.626101 1390.775838 
336 -7.210855 4.666154 1374.352457 
337 -7.382642 4.606358 1365.713913 
338 -7.554429 4.546562 1342.034793 
339 -7.726216 4.486765 1332.237779 
340 -8.244503 4.486765 1332.511047 
341 -8.762789 4.486765 1319.288952 
342 -9.281076 4.486765 1292.608848 
343 -9.107584 4.677692 1288.856030 
344 -8.934091 4.868620 1312.312376 
345 -8.760599 4.868620 1309.106226 
346 -9.078576 4.618266 1287.913311 
347 -9.396553 4.367913 1261.842038 
348 -9.714531 4.117560 1226.670968 
349 -9.241321 4.500203 1227.262848 
350 -8.768112 4.882845 1260.059656 
351 -8.294902 4.882845 1277.607541 
352 -8.169894 4.691828 1333.969862 
353 -8.044886 4.500810 1322.163380 
354 -7.919878 4.309793 1324.807119 
355 -8.285895 4.431195 1252.219937 
356 -8.651912 4.552596 1259.760456 
357 -9.017929 4.673998 1261.648569 
358 -8.840895 3.929505 1228.179914 
359 -8.663860 3.185013 1165.693093 
360 -8.486826 2.440520 1097.077712 
361 -8.560262 2.154920 1100.924542 
362 -8.633698 1.869321 1081.250349 
363 -8.707134 1.583721 1070.859402 
364 -8.780570 1.298122 1046.969053 
365 -8.854006 1.012522 1003.243173 
366 -9.258132 0.940240 1016.037999 
367 -9.662258 0.867959 1009.237527 
368 -9.662258 0.795677 1036.127420 
369 -9.662258 0.723395 1026.810270 
370 -9.662258 0.651113 1019.095109 
371 -9.662258 1.096157 986.276449 
372 -9.662258 1.541201 1028.132263 
373 -9.662258 1.986245 1053.762017 
374 -9.662258 2.431289 1083.608483 
375 -9.662258 2.876333 1104.328317 
376 -9.257180 2.683546 1063.406810 
377 -8.852102 2.490759 1078.541617 
378 -8.447024 2.297973 1077.544429 
379 -8.041946 2.105186 1061.775984 
380 -7.992040 2.176538 1123.506619 
381 -7.942135 2.247890 1117.472743 
382 -7.892229 2.319242 1120.909804 
383 -7.842324 2.390594 1128.584514 
384 -7.639441 2.691334 1182.927328 
385 -7.436558 2.992075 1212.320229 
386 -7.233675 3.292815 1273.069296 
387 -7.683025 3.395219 1244.368599 
388 -8.132376 3.497623 1232.394271 
389 -8.581726 3.600027 1226.532708 
390 -9.031076 3.702431 1227.199594 
391 -8.775006 3.270068 1201.856054 
392 -8.518935 2.837705 1184.098960 
393 -8.262864 2.405342 1149.346176 
394 -7.774444 2.434569 1196.674237 
395 -7.286024 2.463795 1200.312874 
396 -6.797604 2.493022 1199.925514 
397 -6.309184 2.522249 1212.007845 
398 -5.718949 2.338193 1164.819553 
399 -5.128715 2.154138 1155.599741 
400 -4.538480 1.970083 1167.576968 
401 -4.329762 2.121458 1220.790354 
402 -4.121044 2.272833 1242.954062 
403 -3.912326 2.424208 1288.095914 
404 -3.842450 2.497555 1303.733538 
405 -3.772573 2.570902 1326.568081 
406 -3.657613 2.099997 1291.274553 
407 -3.542653 1.629092 1247.124120 
408 -3.427693 1.158187 1222.727418 
409 -3.055357 0.935272 1155.025084 
410 -2.683022 0.712356 1157.643734 
411 -2.310686 0.489440 1156.051479 
412 -2.390592 0.887968 1173.375864 
413 -2.470498 1.286495 1202.390433 
414 -2.550404 1.685023 1271.191822 
415 -2.092472 1.853152 1271.485893 
416 -1.634539 2.021282 1309.895781 
417 -1.289472 2.108784 1352.053455 
418 -0.944406 2.196287 1377.655762 
419 -0.669901 2.446649 1443.984967 
420 -0.395395 2.697012 1483.144946 
421 -0.543608 2.617820 1532.567078 
422 -0.691820 2.538628 1514.312690 
423 -0.341831 2.437917 1442.165598 
424 -0.341831 2.337207 1448.799592 
425 -0.047120 2.313358 1390.480811 
426 -0.047120 1.989377 1356.709725 
427 -0.047120 1.665397 1306.421382 
428 -0.159639 1.264473 1284.177242 
429 -0.272158 0.863550 1220.242651 
430 -0.384677 0.462626 1187.817344 
431 -0.253997 0.765809 1253.632587 
432 -0.123317 1.068991 1289.196649 
433 -0.249028 1.158287 1278.456702 
434 -0.374739 1.247582 1274.906735 
435 -0.609309 0.627203 1200.924046 
436 -0.843879 0.006823 1118.550490 
437 -1.078450 0.006823 1110.740527 
438 -1.343445 0.115360 1109.863286 
439 -1.608440 0.223897 1126.488461 
440 -1.873435 0.332435 1146.805245 
441 -2.200014 0.389457 1118.930925 
442 -2.526594 0.446479 1124.423328 
443 -2.853174 0.503501 1124.108168 
444 -2.819226 0.495982 1140.250594 
445 -2.785278 0.488463 1134.347893 
446 -2.751331 0.480944 1138.117474 
447 -2.733765 0.449057 1176.430487 
448 -2.716198 0.417171 1176.507593 
449 -2.698632 0.385284 1172.946030 
450 -3.105368 0.385284 1061.334094 
451 -3.512104 0.385284 1051.641910 
452 -3.918839 0.385284 1048.459869 
453 -4.325575 0.385284 1043.041976 
454 -4.057805 0.800103 1095.719288 
455 -3.790036 1.214922 1152.331932 
456 -3.522266 1.629741 1184.565232 
457 -3.123016 1.928024 1272.778128 
458 -2.723766 2.226306 1334.493428 
459 -2.346121 2.190522 1320.267354 
460 -1.968476 2.154737 1360.162884 
461 -1.590831 2.118952 1379.165790 
462 -1.284356 2.327436 1372.999930 
463 -0.977880 2.535920 1406.237035 
464 -1.074630 2.232269 1403.669216 
465 -1.171380 1.928617 1349.539027 
466 -0.870586 2.069388 1374.760219 
467 -0.569793 2.210158 1403.588784 
468 -0.524416 2.575351 1472.715427 
469 -0.479039 2.940543 1568.383507 
470 -1.128899 3.458955 1570.442096 
471 -1.534563 3.683938 1547.697934 
472 -1.940227 3.908922 1560.756595 
473 -1.655077 4.030376 1605.274289 
474 -1.369928 4.151830 1649.156268 
475 -0.881062 3.992926 1670.019143 
476 -1.207921 4.514996 1763.660280 
477 -1.534780 4.514996 1722.467178 
478 -1.204570 4.668980 1687.160121 
479 -0.954650 4.698796 1754.037976 
480 -0.559173 4.628349 1735.913386 
481 -0.163695 4.557902 1770.236517 
482 -0.108832 4.495250 1819.372566 
483 -0.108832 4.204192 1727.321870 
484 -0.108832 4.255924 1704.072664 
485 -0.514357 4.162760 1697.841596 
486 -0.919883 4.069596 1679.383670 
487 -0.920360 4.101016 1676.529622 
488 -0.269824 4.180740 1708.134664 
489 -0.269824 4.260464 1712.085331 
490 -0.114887 4.356019 1822.153216 
491 -0.390206 4.702724 1763.224661 
492 -0.330911 4.613472 1735.654901 
493 -0.708194 4.613472 1805.498262 
494 -1.085476 4.613472 1753.563923 
495 -0.870625 3.871559 1628.615758 
496 -0.886410 4.005294 1661.784120 
497 -0.902194 4.139029 1689.319302 
498 -0.756625 4.580245 1796.854308 
499 -0.953784 4.856859 1746.357939 
500 -0.787579 4.705458 1776.673203 
501 -0.621374 4.554057 1775.498960 
502 -0.495075 4.337351 1705.696186 
503 -0.597429 4.215844 1730.311251 
504 -0.482299 3.889915 1649.400465 
505 -0.367169 3.563985 1611.772896 
506 -0.367169 3.397417 1604.948414 
507 -0.956897 2.790738 1477.525602 
508 -1.546625 2.184059 1329.051097 
509 -1.604793 1.882163 1371.416831 
510 -1.662961 1.580268 1325.183378 
511 -1.509026 1.813942 1294.382074 
512 -1.355091 2.047616 1338.421060 
513 -1.201156 2.281290 1372.524868 
514 -1.545780 2.774845 1458.990536 
515 -1.890404 3.268399 1511.397076 
516 -1.734231 3.218848 1425.626398 
517 -1.793679 2.836803 1422.401431 
518 -1.853128 2.454757 1341.618681 
519 -2.021611 2.020714 1287.171595 
520 -2.190093 1.586671 1240.258051 
521 -2.358576 1.152628 1178.216827 
522 -2.011627 1.032740 1195.444250 
523 -1.664679 0.912851 1198.351044 
524 -1.317731 0.792963 1198.438533 
525 -1.304598 0.053128 1090.037955 
526 -1.291465 0.053128 1092.350254 
527 -0.885336 0.053128 1115.099343 
528 -0.479207 0.053128 1145.424822 
529 -0.073077 0.053128 1171.233130 
530 -0.073077 0.524184 1218.050206 
531 -0.073077 0.995239 1260.636451 
532 -0.073077 1.466295 1328.279008 
533 -0.073077 1.559964 1377.803518 
534 -0.073077 1.653634 1355.602736 
535 -0.073077 2.016155 1380.773755 
536 -0.073077 2.378675 1440.194052 
537 -0.073077 1.803420 1333.927700 
538 -0.033789 1.697366 1404.453336 
539 -0.033789 1.591312 1392.714991 
540 -0.071768 1.605982 1357.548174 
541 -0.109746 1.620653 1351.470598 
542 -0.109746 1.664168 1323.069792 
543 -0.109746 1.707683 1322.772014 
544 -0.276667 1.970286 1444.944518 
545 -0.443588 2.232890 1462.634861 
546 -0.557262 2.136361 1425.485727 
547 -0.670937 2.039833 1410.174588 
548 -1.132592 2.160235 1331.459303 
549 -1.594248 2.280638 1313.280755 
550 -1.814703 2.292991 1339.922808 
551 -2.035158 2.305345 1336.146056 
552 -2.255613 2.317698 1338.022013 
553 -2.467918 2.388223 1333.697730 
554 -2.680223 2.458748 1330.556466 
555 -2.810104 2.562949 1367.225505 
556 -2.939986 2.667150 1374.690253 
557 -2.667210 3.056690 1401.818536 
558 -2.394435 3.446230 1451.378419 
559 -2.293425 3.749582 1523.815793 
560 -2.192416 4.052935 1567.000743 
561 -2.214109 3.776978 1513.876856 
562 -2.235801 3.501020 1464.718920 
563 -2.709923 3.643277 1475.644482 
564 -3.184046 3.785535 1475.067228 
565 -3.200718 3.586449 1470.585906 
566 -3.061912 3.356946 1460.670012 
567 -2.923106 3.127443 1436.571941 
568 -2.784300 2.897939 1410.444268 
569 -2.422529 3.328220 1408.746342 
570 -2.060758 3.758500 1505.907126 
571 -1.814204 3.721068 1573.741398 
572 -2.331873 4.005101 1549.503012 
573 -2.849542 4.289134 1549.683847 
574 -2.659506 4.531842 1662.195271 
575 -2.511901 4.484870 1588.923175 
576 -2.364296 4.437898 1583.564052 
577 -2.423847 4.122848 1556.882933 
578 -2.483398 3.807798 1526.213010 
579 -2.988208 3.970274 1518.980957 
580 -3.478330 4.041522 1518.854730 
581 -3.968452 4.112771 1487.176315 
582 -4.483690 4.251056 1467.452320 
583 -4.998929 4.389341 1444.328507 
584 -4.805550 4.282074 1429.367422 
585 -4.612171 4.174806 1426.955918 
586 -4.418793 4.067539 1423.366194 
587 -5.208707 4.133942 1428.537201 
588 -5.998622 4.200346 1379.021185 
589 -6.117407 4.067900 1393.056274 
590 -6.236193 3.935453 1369.159587 
591 -5.878595 4.154002 1372.589440 
592 -5.520998 4.372550 1422.995190 
593 -5.163400 4.591099 1462.558467 
594 -5.239196 4.214638 1413.249811 
595 -5.314993 3.838176 1378.792931 
596 -5.123250 4.133085 1436.960298 
597 -4.931507 4.427995 1469.717965 
598 -4.618189 4.617854 1500.228507 
599 -4.304871 4.807712 1497.181317 
600 -4.813867 4.807712 1532.977482 
601 -5.322864 4.807712 1487.340217 
602 -5.141030 4.042148 1373.876541 
603 -4.959195 3.276584 1287.595849 
604 -5.003249 2.668604 1239.735028 
605 -5.047302 2.060625 1165.340342 
606 -5.091356 1.452645 1128.417097 
607 -5.136838 1.428695 1165.009462 
608 -5.182320 1.404744 1172.806583 
609 -5.227803 1.380794 1176.176507 
610 -5.273285 1.356844 1172.515279 
611 -5.363191 0.667041 1086.010099 
612 -5.453097 0.667041 1078.985331 
613 -5.543002 0.667041 1071.445363 
614 -5.430434 0.473845 1098.256550 
615 -5.317866 0.280649 1101.783357 
616 -5.205297 0.087453 1091.373166 
617 -5.092729 0.087453 1105.981515 
618 -4.980161 0.087453 1097.713875 
619 -4.995143 0.496842 1086.730963 
620 -5.010126 0.906231 1103.647870 
621 -5.025108 1.315620 1128.432969 
622 -4.921103 1.233618 1069.282786 
623 -4.817097 1.151615 1064.177128 
624 -4.713092 1.069613 1056.161073 
625 -4.609087 0.987610 1045.669968 
626 -4.773905 1.324164 1140.321421 
627 -4.938723 1.660717 1177.818991 
628 -5.103542 1.997271 1197.381254 
629 -5.386805 2.159316 1154.966779 
630 -5.670069 2.321360 1154.118434 
631 -5.953333 2.483405 1165.071857 
632 -5.400615 2.293740 1142.463289 
633 -4.847897 2.104074 1148.127645 
634 -4.295180 1.914409 1155.516576 
635 -4.481445 2.027368 1176.708467 
636 -4.667710 2.140328 1179.130862 
637 -4.853975 2.253288 1180.174436 
638 -4.837664 2.336885 1214.687592 
639 -4.821353 2.420483 1229.978487 
640 -4.805042 2.504080 1244.144499 
641 -4.827444 2.564455 1324.945407 
642 -4.849847 2.624831 1323.956466 
643 -4.997133 2.392409 1211.458839 
644 -5.144418 2.159987 1203.269873 
645 -5.291704 1.927565 1181.725040 
646 -5.194910 1.637864 1149.166059 
647 -5.098116 1.348164 1120.428240 
648 -5.001321 1.058464 1114.883198 
649 -4.904527 0.768763 1105.266616 
650 -4.955386 0.730768 1067.679597 
651 -5.006245 0.692772 1064.348537 
652 -5.057105 0.654776 1056.490298 
653 -5.107964 0.616781 1056.014677 
654 -4.800978 1.052443 1123.383952 
655 -4.493993 1.488105 1159.502934 
656 -4.187007 1.923767 1205.728333 
657 -4.117777 1.990506 1147.586143 
658 -4.048546 2.057244 1176.393751 
659 -3.979316 2.123982 1175.867027 
660 -3.753201 2.298650 1208.366533 
661 -3.527086 2.473318 1238.929207 
662 -3.350141 2.462812 1302.489866 
663 -3.173195 2.452305 1313.042108 
664 -2.996250 2.441799 1319.842481 
665 -3.222581 2.569521 1263.481626 
666 -3.448913 2.697242 1267.347967 
667 -3.962808 2.993970 1344.160245 
668 -4.476702 3.290697 1356.703169 
669 -4.523387 3.657108 1349.532283 
670 -4.570071 4.023518 1407.208806 
671 -4.616756 4.389928 1471.378494 
672 -4.720617 3.944712 1438.811233 
673 -4.824478 3.499496 1370.978417 
674 -4.476653 3.600611 1403.720052 
675 -4.128828 3.701726 1433.514232 
676 -4.090921 3.823925 1432.407939 
677 -4.053015 3.946124 1454.548607 
678 -4.430732 4.007242 1445.709752 
679 -4.808449 4.068360 1423.578265 
680 -5.039633 4.266526 1431.498981 
681 -5.270817 4.464692 1443.603081 
682 -5.288359 4.668617 1435.114331 
683 -5.305900 4.872542 1469.139422 
684 -5.323441 4.872542 1463.567140 
685 -5.100186 4.872542 1452.080653 
686 -4.876930 4.872542 1469.348496 
687 -4.986208 4.729499 1479.401112 
688 -5.095487 4.586456 1448.142815 
689 -5.435005 4.599913 1411.483224 
690 -5.774524 4.613370 1390.321620 
691 -5.626982 4.809207 1422.104451 
692 -5.479440 4.809207 1432.600951 
693 -6.020119 4.509316 1390.376494 
694 -6.560798 4.209426 1329.670105 
695 -6.039771 4.098489 1334.644284 
696 -5.518745 3.987552 1321.758759 
697 -4.997719 3.876615 1342.123848 
698 -5.229411 3.915398 1368.694431 
699 -5.461102 3.954181 1349.802975 
700 -5.422250 4.292177 1411.271935 
701 -5.383397 4.630174 1421.188391 
702 -5.307465 4.599022 1442.901667 
703 -5.231533 4.567871 1442.271412 
704 -5.132280 4.567871 1476.275475 
705 -5.033028 4.567871 1476.005257 
706 -4.659858 4.777978 1495.132306 
707 -4.286688 4.988086 1566.238326 
708 -4.219218 4.988086 1582.532057 
709 -4.151748 4.988086 1579.649032 
710 -4.137786 4.988086 1538.674037 
711 -4.123824 4.988086 1536.863009 
712 -3.702692 4.988086 1612.744079 
713 -3.281560 4.988086 1614.581113 
714 -3.569431 4.942259 1594.205455 
715 -3.642934 4.987773 1581.929210 
716 -3.716437 4.987773 1577.134746 
717 -3.490083 4.709268 1647.907396 
718 -3.263729 4.430762 1601.669399 
719 -3.329620 4.215875 1490.079812 
720 -3.238714 4.172082 1508.706470 
721 -3.147809 4.128289 1513.403918 
722 -3.444543 3.987200 1453.175166 
723 -3.741278 3.846112 1457.777251 
724 -4.034390 3.739965 1414.861389 
725 -4.327503 3.633818 1386.035018 
726 -4.236124 3.646801 1448.805073 
727 -4.144745 3.659784 1461.067955 
728 -4.053366 3.672767 1466.551567 
729 -3.747299 3.836016 1445.236739 
730 -3.441232 3.999264 1497.769213 
731 -3.191924 3.978700 1465.970944 
732 -2.942617 3.958136 1486.551999 
733 -3.031095 4.016762 1536.463089 
734 -3.125056 4.232196 1524.456678 
735 -3.219017 4.447629 1547.704907 
736 -2.960938 4.613770 1621.234283 
737 -2.702858 4.779912 1660.581779 
738 -2.472852 4.606216 1655.240990 
739 -2.242846 4.432521 1646.405871 
740 -1.967323 4.118386 1642.779719 
741 -1.765143 4.364458 1676.418384 
742 -1.562962 4.610531 1728.264069 
743 -1.946902 4.959728 1727.386902 
744 -2.196182 4.959728 1719.522028 
745 -2.445463 4.959728 1670.422800 
746 -2.244260 4.575719 1592.466256 
747 -1.942467 4.243975 1623.782443 
748 -1.640673 3.912232 1592.647611 
749 -1.745568 3.962404 1570.342967 
750 -1.709637 4.030572 1629.203588 
751 -1.673706 4.098739 1640.421683 
752 -1.663163 3.861088 1563.191811 
753 -1.652621 3.623437 1514.386582 
754 -1.620720 3.862664 1593.027207 
755 -1.644197 4.631484 1685.852208 
756 -1.667674 4.631484 1686.894055 
757 -1.880125 4.461534 1656.115875 
758 -2.146904 4.292689 1641.957549 
759 -2.413682 4.123844 1577.204760 
760 -2.454608 3.616109 1501.385577 
761 -2.495533 3.108373 1440.648335 
762 -2.918396 2.965065 1358.472838 
763 -3.341260 2.821758 1334.263425 
764 -3.632116 3.038565 1341.729961 
765 -3.922971 3.255373 1348.980139 
766 -4.124542 3.328175 1357.088215 
767 -4.326112 3.400978 1345.652359 
768 -4.539229 3.124923 1367.354438 
769 -4.752346 2.848869 1344.432517 
770 -4.965463 2.572814 1324.064015 
771 -4.928430 2.562938 1187.595294 
772 -4.891397 2.553061 1187.742927 
773 -4.854363 2.543185 1183.034323 
774 -4.927207 1.847792 1171.319929 
775 -5.000050 1.152399 1123.884839 
776 -5.072894 0.457006 1101.480626 
777 -5.036622 0.351160 1099.217142 
778 -5.000351 0.245313 1093.702469 
779 -4.964080 0.139467 1087.668592 
780 -4.927808 0.033620 1075.997322 
781 -5.052032 0.033620 1045.796742 
782 -5.176255 0.033620 1049.070871 
783 -5.300478 0.033620 1051.294778 
784 -5.424701 0.033620 1051.384331 
785 -5.336562 0.033620 1007.374930 
786 -5.248424 0.033620 1006.201223 
787 -5.160286 0.033620 1019.461536 
788 -5.072147 0.033620 1034.149244 
789 -4.984009 0.033620 1031.541264 
790 -5.466225 0.055332 1051.794416 
791 -5.948442 0.077043 1030.135025 
792 -6.430659 0.098755 1016.216139 
793 -6.912875 0.120466 998.243543 
794 -7.115716 0.120466 963.004461 
795 -7.318558 0.120466 980.735450 
796 -7.521399 0.120466 976.766937 
797 -7.724240 0.120466 973.615538 
798 -7.927081 0.120466 972.278012 
799 -8.107797 0.120466 1017.889773 
800 -8.288513 0.120466 1021.012371 
801 -8.469229 0.120466 1019.210221 
802 -8.649945 0.120466 1020.632387 
803 -8.830661 0.120466 1019.203976 
804 -9.011377 0.120466 1031.599444 
805 -9.266034 0.345494 900.809276 
806 -9.520690 0.570521 897.439531 
807 -9.775346 0.795549 900.611985 
808 -9.775346 1.020577 928.135767 
809 -9.775346 1.245604 941.838589 
810 -9.775346 1.470632 961.934956 
811 -9.363253 2.232205 1055.428329 
812 -8.951160 2.993778 1091.514216 
813 -8.539068 3.755351 1180.890598 
814 -8.126975 4.516924 1271.869553 
815 -8.173771 4.224087 1277.377465 
816 -8.220567 3.931250 1261.711052 
817 -8.267363 3.638413 1207.057569 
818 -7.987239 4.070807 1290.321711 
819 -7.707115 4.503201 1329.115368 
820 -7.426991 4.935595 1412.934683 
821 -7.811280 4.935595 1381.269368 
822 -8.195570 4.935595 1357.033011 
823 -8.055498 4.969007 1343.236818 
824 -7.915426 4.969007 1367.185506 
825 -7.775354 4.969007 1362.021148 
826 -7.860278 4.986913 1307.746951 
827 -7.945201 4.986913 1297.742984 
828 -8.433834 4.986913 1320.277703 
829 -8.922466 4.986913 1278.607532 
830 -9.411098 4.986913 1264.533745 
831 -9.319705 4.966056 1336.876554 
832 -9.228312 4.945198 1336.323586 
833 -9.136920 4.924340 1331.380730 
834 -9.145672 4.862601 1317.846053 
835 -9.154424 4.800861 1323.402532 
836 -9.163177 4.739121 1321.753428 
837 -9.075395 4.694253 1215.217136 
838 -8.987613 4.649385 1217.912294 
839 -8.899831 4.604517 1215.821697 
840 -8.064358 4.809996 1378.448066 
841 -7.228886 4.809996 1428.687042 
842 -6.393414 4.809996 1476.213035 
843 -5.900396 4.889802 1447.837436 
844 -5.407377 4.969608 1499.551812 
845 -5.338271 4.964273 1510.731042 
846 -5.269165 4.958937 1515.937271 
847 -4.957747 4.958937 1540.663154 
848 -4.646328 4.958937 1532.784027 
849 -4.598663 4.958937 1569.958979 
850 -4.550999 4.958937 1564.672436 
851 -4.716050 4.486275 1524.538534 
852 -4.881100 4.013614 1444.501292 
853 -4.768474 4.101288 1422.123216 
854 -4.655848 4.188962 1448.697123 
855 -4.211231 4.588103 1530.580443 
856 -3.766613 4.987244 1602.853413 
857 -4.125863 4.688639 1503.095787 
858 -4.485112 4.390034 1428.542580 
859 -4.742764 4.174799 1389.512630 
860 -5.000416 3.959563 1347.525222 
861 -4.944854 4.480634 1449.857494 
862 -4.889292 4.480634 1453.354049 
863 -4.192382 4.346521 1508.076831 
864 -3.495473 4.212408 1538.909044 
865 -3.324240 4.453060 1499.531257 
866 -3.153007 4.693713 1554.276964 
867 -3.286419 4.769856 1657.461943 
868 -3.176821 4.614392 1563.400978 
869 -3.067224 4.458928 1548.490323 
870 -2.592142 4.628599 1622.960899 
871 -2.117061 4.798269 1667.842882 
872 -2.106661 4.704584 1656.956755 
873 -2.060539 4.742212 1706.995373 
874 -2.014417 4.779839 1716.039303 
875 -1.942097 4.488854 1664.602100 
876 -1.862266 4.216630 1633.885837 
877 -1.782435 3.944406 1588.603409 
878 -1.681679 4.111058 1594.986380 
879 -1.508517 3.940936 1604.493365 
880 -1.335355 3.770815 1583.891828 
881 -1.344417 3.424344 1529.252521 
882 -1.353480 3.077874 1484.760525 
883 -1.745335 3.442990 1520.196663 
884 -1.346294 3.460133 1552.530711 
885 -0.947253 3.477277 1577.875504 
886 -0.908276 3.410139 1571.725302 
887 -0.869298 3.343002 1561.240706 
888 -1.144621 3.251133 1466.472831 
889 -0.795492 3.165086 1541.279038 
890 -0.446362 3.079040 1544.236062 
891 -0.595846 3.070766 1485.526276 
892 -0.745330 3.062493 1500.731397 
893 -0.871632 2.747871 1495.266505 
894 -0.582527 2.736428 1512.797688 
895 -0.293423 2.724986 1522.564271 
896 -0.085518 2.130394 1440.229914 
897 -0.085518 1.535802 1361.088066 
898 -0.255778 2.269638 1443.160871 
899 -0.426039 3.003474 1518.891538 
900 -0.027986 2.699143 1515.254153 
901 -0.027986 2.394813 1449.970001 
902 -0.027986 2.913459 1495.532298 
903 -0.372375 3.131228 1534.199772 
904 -0.716765 3.348996 1542.466584 
905 -0.530457 3.577495 1629.911437 
906 -0.344148 3.805993 1676.522460 
907 -0.449576 3.583325 1663.246748 
908 -0.646113 3.649564 1587.888081 
909 -0.842649 3.715802 1582.520908 
910 -0.494248 3.890238 1684.071712 
911 -0.703100 3.454811 1594.218457 
912 -0.911953 3.019384 1506.745026 
913 -1.174248 2.867991 1519.540351 
914 -1.054082 3.374920 1545.397116 
915 -0.933915 3.881848 1627.277518 
916 -1.430130 3.794786 1558.074612 
917 -1.926345 3.707724 1525.550513 
918 -2.344333 3.473116 1452.952315 
919 -2.762320 3.238507 1406.062029 
920 -2.652292 3.325247 1428.838503 
921 -2.542264 3.411987 1437.532169 
922 -2.734392 3.221460 1419.641599 
923 -2.926519 3.030932 1390.123640 
924 -2.701572 2.937624 1409.134496 
925 -2.476624 2.844316 1406.227538 
926 -2.437840 2.554903 1315.629833 
927 -2.399056 2.265491 1296.524609 
928 -2.358970 1.768146 1243.420089 
929 -2.318884 1.270801 1206.365048 
930 -2.260822 1.292883 1239.943100 
931 -2.202760 1.314964 1245.021637 
932 -2.144698 1.337046 1241.314197 
933 -2.126604 1.037467 1189.096772 
934 -2.108510 0.737888 1180.682782 
935 -2.090415 0.438308 1130.118609 
936 -1.970603 0.438308 1150.272545 
937 -1.850790 0.438308 1160.012954 
938 -1.730978 0.438308 1169.829948 
939 -1.578166 0.159050 1114.727896 
940 -1.425354 0.159050 1125.430536 
941 -1.272541 0.159050 1125.093973 
942 -1.684211 0.398464 1120.957319 
943 -2.095881 0.637878 1132.359518 
944 -1.719512 0.695199 1215.735845 
945 -1.343144 0.752520 1257.458400 
946 -0.966775 0.809841 1283.178819 
947 -0.608936 1.088672 1257.570842 
948 -0.251097 1.367504 1324.137265 
949 -1.090046 1.326058 1265.335693 
950 -1.928996 1.284612 1247.695184 
951 -2.767945 1.243166 1222.900273 
952 -2.706937 1.475178 1212.559919 
953 -2.645929 1.707191 1245.889911 
954 -2.584921 1.939203 1256.604358 
955 -2.676273 1.607179 1233.544583 
956 -2.767626 1.275155 1170.416177 
957 -2.334039 1.657631 1242.171915 
958 -1.900452 2.040107 1288.168566 
959 -2.195189 2.709341 1381.524515 
960 -2.489925 3.378576 1465.317206 
961 -2.672202 3.455199 1472.594775 
962 -2.854478 3.531823 1464.084478 
963 -2.499561 3.858204 1499.059975 
964 -2.144645 4.184586 1597.587103 
965 -2.123842 4.036823 1555.490140 
966 -2.103040 3.889059 1550.529190 
967 -2.556566 3.540764 1483.756090 
968 -3.010093 3.192468 1365.405053 
969 -3.240576 4.157684 1512.821849 
970 -3.471060 4.157684 1512.129827 
971 -3.687019 4.216498 1540.623627 
972 -3.902978 4.275312 1527.579573 
973 -3.319926 4.116479 1516.470434 
974 -2.736875 3.957646 1530.160525 
975 -2.942367 3.681198 1523.479232 
976 -2.605640 3.808030 1441.645343 
977 -2.268914 3.934862 1490.960456 
978 -2.171309 4.105012 1590.578688 
979 -2.073705 4.275162 1637.553855 
980 -1.560570 4.030020 1617.833409 
981 -1.773353 3.919747 1507.165848 
982 -1.986135 3.809473 1476.531446 
983 -1.939057 4.069793 1557.131053 
984 -1.891979 4.330112 1603.848230 
985 -1.600491 3.996085 1655.266580 
986 -1.744489 4.031877 1608.633095 
987 -1.888486 4.067670 1604.412114 
988 -2.069564 3.832658 1581.177812 
989 -2.250642 3.597645 1512.088059 
990 -2.646063 3.635365 1496.721357 
991 -3.041484 3.673085 1467.118502 
992 -2.530904 3.922987 1523.130474 
993 -2.020325 4.172890 1586.741103 
994 -1.737457 4.157490 1621.150391 
995 -1.105834 3.995502 1644.684271 
996 -0.474211 3.833514 1669.054657 
997 -0.336943 3.870661 1678.738318 
998 -0.640747 3.544995 1592.981367 
999 -0.944552 3.219329 1514.975969 
